year/month	1	2	3	4	5	6	7	8	9	10	11	12	13	14	15	16	17	18	19	20	21	22	23	24	25	26	27	28	29	30	31	Mean		year	AnnualMean
1989- 1	0	0	0	0	0	0	0	0	0	0	0	0	0	0	0	0	29.7	4.8	0	0	0	0	0	0	0	0	0	0	0	0	0	1.112903226		1989	3.591666667
1989- 2	0	0	0	0	0	0	0	0	0	0	0	0	0	0	0	0	0	0	0	0	0	0	0	0	0	9.1	0	0	0	0	0	0.293548387		1990	5.570698925
1989- 3	0	0	0	29.2	0	0	0	5.3	0	0	0	0	37.6	0	0	0	0	0	0	0	0	0	0	2.8	0	0	0	0	10.7	0	0	2.761290323		1991	4.83061828
1989- 4	0	0	0	41.9	0	0	0	0	0	0	0	0	0	0	0	0	14.7	0	2.3	0	0	0	2	0	0	3.1	0	0	0	0	0	2.064516129		1992	4.345206093
1989- 5	6.3	15.2	0	0	20.3	0	0	0	28.4	25.4	0	0	0	0	0	0	0	0	0	0	0	0	0	0	0	0	0	0	0	0	0	3.083870968		1993	3.940053763
1989- 6	0	22.9	0	0	0	0	0	0	0	0	0	0	0	0	0	0	0	0	0	0	0	0	0	0	0	0	0	0	0	0	0	0.738709677		1994	4.620698925
1989- 7	0	0	0	0	17.8	0	12.7	0	14.5	9.4	9.1	72.9	3.3	0	0	0	0	0	0	0	0	3.3	0	0	0	0	0	0	0	0	0	4.612903226		1995	4.605913978
1989- 8	0	0	0	0	0	0	0	0	0	0	0	0	0	0	0	0	0	0	0	0	0	0	0	0	0	0	0	0	0	2	0	0.064516129		1996	5.087903226
1989- 9	0	0	0	0	0	0	0	0	0	0	0	0	0	0	0	38.1	0	0	8.9	0	0	50.8	5.1	0	0	0	0	0	0	0	0	3.319354839		1997	6.263709677
1989-10	0	0	6.9	0	7.1	0	0	0	0	0	0	0	63.2	106.7	0	0	8.6	38.6	0	5.3	0	0	3	0	0	0	3.8	0	13.2	109	90.9	14.71935484		1998	4.713978495
1989-11	65.5	0	13.7	65.5	0	0	5.3	0	0	0	0	0	0	25.4	7.6	0	1.8	24.9	38.1	30	0	0	0	0	0	0	0	0	0	4.3	0	9.1		1999	4.014784946
1989-12	0	3.8	0	0	0	0	0	0	0	0	0	0	0	0	34.3	0	0	0	0	0	0	0	0	0	0	0	0	0	0	0	0	1.229032258		2000	4.370967742
1990- 1	0	0	0	23.1	141	12.7	43.7	25.4	0	0	0	0	0	0	0	0	0	0	0	0	0	0	0	0	0	0	0	0	0	0	0	7.932258065		2001	3.978763441
1990- 2	6.3	0	0	0	0	0	0	0	0	0	0	0	0	0	0	10.7	1.9	0	0	6.9	0	0	11.7	31.4	0	11.3	1.7	0.7	0	0	0	2.664516129		2002	4.000268817
1990- 3	0.3	0	0	0.3	0.3	0.5	93.5	2.8	37.6	69.1	2.5	0	13.5	56.1	0	1.8	0	0	0.5	0	6.9	0	0	46.7	30.5	4.8	0	0	0	11.2	51.3	13.87741935		2003	4.102150538
1990- 4	1.3	0	0.3	0.3	30	0.3	0	0	0	2.3	17.5	3.3	0.8	20.8	0	3.3	8.4	0	0	0	0	0	0	0	0	0	0	0	2.8	34.3	0	4.05483871		2004	4.433870968
1990- 5	47.8	19	1	7.6	0	18.8	1.5	1	0.8	0	0	0	0	0	0	4.3	0	12.7	0	2.8	0	0	0	0	0	0	0	0	0	0	0	3.783870968		2005	4.948924731
1990- 6	0	0	6.9	1.3	0	0	0	0	0	0	0	0	0	0	0	0	0	0	0	0	0	0	0	0	0	0	0	0	0	0	0	0.264516129		2006	5.038172043
1990- 7	0	0	0.8	0	0	0	0	0	0	0	0	0	0	0	0	0	0	0	0	0	0	0	0	0	1.3	0	0	0	0	0.3	0	0.077419355		2007	5.162634409
1990- 8	9.4	0	0	38.1	0	0	2.5	0	0	0	0	0	0	0	0	0	0	0	0	0	0	0	0	0	66	0	0	0	0	0	0	3.741935484		2008	5.221923537
1990- 9	0	0	0	0	0	0	30.3	13.6	14.5	29.9	0	0	0	11.8	43.1	13.4	5.9	2	3	0	5.1	0	0.5	0.3	12.5	0	0	0	0	0	0	5.996774194		2009	5.02311828
1990-10	0	0	0	0	0	0	0	0	0	0	2.9	3.1	0.9	9.6	31.3	71.7	15.5	5.2	12.2	8.8	35.1	2.3	12.8	88.5	0	10.5	37.3	0	10.8	13.4	2.8	12.08709677		2010	5.61914576
1990-11	0.3	2.5	1.3	4.1	0	0	5.6	0	28.7	0	0	0.3	60.2	0	0	0	23.9	9.7	9.4	0	0	0	0	0	18.8	52.7	30.7	3	0	0	0	8.103225806		2011	6.120967739
1990-12	0	0	66	0.1	4.1	0	10.4	1.8	0	0	0	0	0	5.1	18.5	0	0	0	0	0	1.5	13.7	0	1.3	5.1	2.3	0	0	0	2.3	0	4.264516129		2012	5.464157701
1991- 1	0	5.7	4.9	12.7	0	0	0	0	0	4.6	0	0.5	0	0	0	2.1	76	78.3	0	0	0	0	0	0	0	0	0	0	0	0	0	5.961290323		2013	5.343010741
1991- 2	0	0	2	0	0	13.7	7.2	0	0	0	0	0	0	0	0	0	0	0	0	0	0	0	0	0	0	0	0	0	0	0	0	0.738709677		2014	6.504032279
1991- 3	0	0	0	22.1	0	0	2.3	0	0	0	0	0	0	0	0	0	0	0	0	0	0	0	2	34	6.6	89.2	0	4.1	4.8	3.3	0	5.432258065		2015	6.73118279
1991- 4	23.9	10.2	1	0	0	0	23.6	20.8	5.1	0	0	0.5	14.2	0	37.1	5.6	0	0	0	1.5	18.5	0	15.2	0	0	0	0	0	0	0	0	5.716129032		2016	4.78844086
1991- 5	0	0	0	0	0	0	0	0	0	0	0	10.2	16.5	0	53	9.4	10.2	15.7	0	32.8	66	0	13.5	0	0	0	0	0	0	0.2	2.8	7.429032258		2017	4.784677419
1991- 6	3.9	6	13	0	0	0	0	6.5	47	0	0	0	0	0	0	0	0	0	2.2	0	0	0	0	0	0	0	0	0	0	0	0	2.535483871		2018	3.749731183
1991- 7	0	0	0	0	0	0	0	0	0	0	0	0	0	0	5.1	0	0	0	0	10.2	0	0	0	0	0	0	0	0	0	0	0	0.493548387		2019	3.986290323
1991- 8	-9.9	M      .0	0	132.1	0	0	30.5	0	0	0	0	0	0	0	0	0	0	0	0	0	0	0	0	0	0	0	0	0	0	0	0	5.09		2020	4.954569892
1991- 9	0	8.6	1.8	0	1.5	0.5	0	0	0	0	3	15.5	0	0	0	0	0	0	0	0	0	0	0	0	0	0	0	0	0	0	0	0.996774194			
1991-10	5.3	0.3	0	0	0	0	0	0	0	0	0	0	0	0	0	40.6	0.8	9.9	10.7	40.1	19.1	10.2	10.7	2	0.3	0.3	1	0	1	3.1	0	5.012903226			
1991-11	0	0	22	0	49.5	0	0	16	65	2.3	0.2	14	10.2	32.3	2	0	9.6	0	1.8	18.5	0	13.8	0.5	0.8	4.6	0	0	0	0	0	0	8.487096774			
1991-12	0	0	0	0	0	0	0	0	0	0	0	4.9	20.9	0.7	10.8	6.8	16.3	50.8	0	0	0	0	10	0	5.2	26.9	0	35.2	96.5	27.3	0	10.07419355			
1992- 1	1.9	0	0	0	7.1	0	0	0	19	0	0	0	0	0	0	0	0	0	0	0	0	0	0	0	0	0	0	0	0	0	0	0.903225806			
1992- 2	0	0	0	0	0	0	0	0	0	0	0	0	0	0	0	0	0	0	0	0	0	0	0	0	0	0	0	0	0	0	0	0			
1992- 3	0	0	0	0	0	0	0	0	0	0	0	0	0	0	0	0	0	0	0	0	0	0	0	0	0	0	0	0	0	0	0	0			
1992- 4	1.90	13.05	17.98	17.85	7.28	7.18	10.58	15.68	1.32	1.93	3.08	10.27	7.78	11.95	23.37	9.58	1.92	9.37	4.12	1.68	12.40	8.00	0.60	4.75	7.82	7.52	6.12	2.25	1.45	2.33	0.00	7.455376344			
1992- 5	1	42.5	0	33.7	11.3	4.2	2.3	0	0	4	1	12	25.3	7.1	15.6	0	0	0	0	0	0	0	0	0	0	0	0	0	0	58	0	7.032258065			
1992- 6	0	0	0	0.7	0	0.8	0	0	0	0	0	0	0	0	0	0	0	0	0	0	0	0	0	0	0	0	0	0	0	0	0	0.048387097			
1992- 7	0	0	0	0.7	0	0.8	0	0	0	0	0	0	0	0	0	0	0	0	0	0	0	0	0	0	0	0	0	0	0	0	6	0.241935484			
1992- 8	0.8	0	1.3	2.4	0.7	21	16.5	0	0	0	0	0	0	0	0	0	0	0	0	0	0	0	0	0	0	15.8	1.4	0	0	1.4	0	1.977419355			
1992- 9	0	0	0	0	0	0	0	0	0	0	0	0	0	0	0	0	0	75	0	0	9.5	10.3	7	3.4	0	15.5	0.7	12.1	0	0	0	4.306451613			
1992-10	14.9	50.9	5.8	0	0	2.1	0.1	0	0	0	0	3.7	0.4	5.4	0	0	0	0	5.1	0	0	17	0	0	3.7	0	3.1	0	38.9	3.6	0	4.990322581			
1992-11	50	23.1	50.5	0	80.5	0	19	19	20.9	46.2	0.4	62.2	43.3	71.4	0	3.2	41.5	0	15.3	0	10.5	20	0	0.9	0	0	0	0	4.1	16.6	0	19.30967742			
1992-12	56	4.9	7.5	43.6	0	0	0	0	0	0	0	0	0	7.9	2.2	11.5	1.1	15.3	2.1	0	0	1.4	14	0	0	0	0	0	7.3	3.2	4.2	5.877419355			
1993- 1	0	0	0	0	0	0	0	0	3.1	0	0	0	0	0	0	0	0	0	0	0	0	0	0	0.3	2.5	14.3	0	0	0	0	0	0.651612903			
1993- 2	0	0	0	0	0	0	0	0	0	0	0	0	0	0	0	0	0	0	0	0	0	0	23.6	0	0	0	0	0	0	0	0	0.761290323			
1993- 3	6.5	12.8	0	0	4.4	0	0	0	0	0	0	1.2	1.4	0.8	0.4	0	0	0	0	0	20.6	0	0	24.2	5.5	0	36.8	0.7	0	0	0	3.719354839			
1993- 4	0	0	0	26.4	0	9.4	0	0	0	5.7	0	43.1	0	40.5	10.2	0	0	0	16.5	0	59	0	0	28.5	2.3	22.8	0	0	0	0	0	8.529032258			
1993- 5	0	0	0	8.6	0	0	0	0	0	0	18.2	10	2	2.3	0	0	1.3	0	0	0	0	9.3	0	4.8	0	0	0	0	0	4	0	1.951612903			
1993- 6	0	0	0	0	7.4	0.9	5.3	0	0	0	0	0	0	0	0	0	0	0	0	0	0	0	0	0	0	6	5	0.9	0	0	0	0.822580645			
1993- 7	0	0	0	0	8.2	0	0	0	0	0	0	0	0	0	0	0	9.1	21.4	5.3	7.3	0	0	0	0	0	0	0	0	0	0	0	1.65483871			
1993- 8	0	0	0	0	0	0	0	0	0	0	0	0	0	0	0	0	0	0	0	0	0	0	0	0	0	0	0.7	0	0	0	0	0.022580645			
1993- 9	0	0	0	0	0	0	0	0	0	12.4	0.5	0.5	8.4	0	0	0	0	10	0	0	0	0	0	0	2.9	0	0	0	0	61.6	0	3.106451613			
1993-10	0	0	0	0	0	0	9.7	0	2.7	0	0	0	17	9.2	7.5	2	5	15.5	4	1.7	18.8	5.6	0	34.2	30	31.2	51.1	0	23.1	0	11.1	9.012903226			
1993-11	0	6.9	0	1.3	1	0	40.9	2.1	0	0	0	4.2	0	4.3	6.6	5.1	15.2	64.3	5.4	50	7.3	0	3	10.1	0	0	0	8.8	80	14.1	0	10.66451613			
1993-12	0	23.5	4	5	4.8	0	2.7	0	7	0	0	10.9	0	0	17.8	6.9	15.2	8.5	0	10.2	18.2	27.5	0	0	19.5	8.4	0	7.8	0	0	0	6.383870968			
1994- 1	0	0	0	0	0	7.4	0	1.1	0	0	0	0	0	0	0	14.6	24	0	0	8.6	18	25	0	0	0	0	0	0	0	8.5	35.6	4.606451613			
1994- 2	0	0	0	17	1.9	0	24.1	9.5	44.8	46.6	0	0	0	0	0	0	13.6	0.1	16	16.8	0	0	0	0	0	0	0	0	0	0	0	6.141935484			
1994- 3	0	0	0	8.5	1.4	0	0	0	0	0	0	0	53.8	0	0	24.7	3.4	0	0	0	0	0	0	0	0	0	0	10.5	0	0	0	3.3			
1994- 4	11.4	39.5	12.2	22.3	6.4	0	0	12	2.8	2.3	0	18.5	0	0	10.8	0	0	0	0	0	0	0	0	0	0	0	33.9	8.3	3.3	0	0	5.925806452			
1994- 5	1.4	0	57.8	0	2.3	0	0	0	0	0	0	0	0	0	0	9.6	4.3	10	0	0	0	0	0	0	0	0	0	0	0	0	0	2.75483871			
1994- 6	0	0	0	0	0	0	0	0	0	0	0	0	0	0	0	0	0	0	0	0	0	0	0	0	0	0	0	0	1.1	0	0	0.035483871			
1994- 7	0	0	2	1.9	17.3	1	0	0	0	0	0	0	0	0	0	0	0	0	0	2.3	0	0	0	0	0	20.5	0	0	0	0	6.8	1.670967742			
1994- 8	17.9	2.2	0	0	0	0	0	0	0	0	0	0	0	0	0	0	0	0	0	0	0	0	0	0	0	0	0	0	0	0	0	0.648387097			
1994- 9	0	0.5	2	0	2.8	0	0	20.4	0	1	0	31	0	0	0	0	0	0	0	0	0	96	0	51.8	0.5	0	8.4	13.5	0	51.3	0	9.006451613			
1994-10	0	2.8	0.1	6.9	0	0	0	0	0	0	0	0	0	9.8	2	5	45	0	5.6	0	0	15.7	0	0	47.5	0	0	39.8	8.5	66.5	7.9	8.487096774			
1994-11	82	8.4	50	2.8	4	0	0	0	57.5	34.7	6	2	3.5	5.1	0	0	0	0	0	0	0	0	0	61	2	13	9.1	7.3	0	0	0	11.23870968			
1994-12	37.3	0	0	0	3.6	0	0	0	0	0	0	0	0	0	0	0	0	0	0	0	0	0	5	4.7	0	0	0	0	0	0	0	1.632258065			
1995- 1	0	0	0	0	0	15.2	26.5	2.9	88.1	48.6	39.4	0	0	0	0	0	0	0	0	37.9	10.4	0	0	0	0	0	0	0	0	11.1	0	9.035483871			
1995- 2	2.2	6.4	14.4	33.5	5.5	0	0	0	0	0	0	0	0	24.5	7.5	0	14.1	25.1	0	0	0	0	0	0	0	0	0	0	0	0	0	4.296774194			
1995- 3	0	0	0	0	0	0	0	0	10	8.6	0	0	0	0	0	0	0	0	0	0	0	0	0	75	16.3	0	0	28	46.2	8.4	0	6.209677419			
1995- 4	0	0	10.5	0	32	0	7.4	0	0	0	0	0	40.7	10	45	22.2	11.5	5.3	0	0	0	0	1.9	0	26.6	0	0	5.2	5.1	2	0	7.270967742			
1995- 5	66.5	0	1.3	27.2	8.2	3.4	11.2	0	1	0.7	0	0	1.3	4.8	0.9	0	0	0	0	0	5.4	0	0	0	0	11.1	7.1	0	0	0	0	4.841935484			
1995- 6	0	0	0	0	0	0	0	0	1.3	0	0	0	0	0	0	29.5	14.4	0	0	0	0	0	0	0	0	0	0	0	0	0	0	1.458064516			
1995- 7	0	0	0	0	0	0	0	0	0	0	0	0	0	0	0	0	0	0	0	0	0	0	0	0	0	0	0	0	0	0	0	0			
1995- 8	0	0	0	0	0	0	0	0	0	0	0	0	0	0	0	0	0	0	0	0	0	0	0	0	0	0	0	0	0	0	0	0			
1995- 9	0	0	0	0	0	0	0	0	7.3	0	0	0	0	0	0	0	0	0	0	0	0	0	0	0	0	0	0	14	21.2	6.4	0	1.577419355			
1995-10	7.4	0	4.7	0	24.5	5	9	0	0	0	0	0	0.3	0	0	0	9.6	10.7	0	1.9	23.2	2.3	2.3	0	0	0	0	6.2	12.4	32.1	0	4.890322581			
1995-11	77.8	4	20.5	13.5	16	0	19.2	3.9	0	0	18.6	56	38.3	12.3	0	53	17.4	0	3.8	0	5.3	0	0	2.6	14.6	0	52.8	0	0	0	0	13.85806452			
1995-12	0	1.8	0	0	0	0	0	0	0	0	0	0	0	0	0	0	0	0	1.5	0.5	2.1	1.9	3.5	23.9	21.6	0	0	0	0	0	0	1.832258065			
1996- 1	21	12.3	11	0	0	2	0	0	0	0	0	0	10.8	3.4	32.9	0	0	0	0	0	0	0	0	0	0	0	0	0	0	27.8	2.8	4			
1996- 2	0	0	0.7	2.6	0	0	0	0	0	0	0	0	0	0	0	0	0	0	0	0	55.6	10.5	0	0	16.8	10	13	0	0	0	0	3.522580645			
1996- 3	0	0	0	0	0	0	0	0	0	0	0	0	0	0	0	0	18	18.6	0	0	0	0	0	0	2.5	14.1	0	0	0	0	21.3	2.403225806			
1996- 4	0	24	11.1	27.5	0.6	2.9	0	80.7	5.1	0	6.6	0	6	21.2	74.2	15.8	0	38.6	0	0	2.4	21	0.7	0	0	0	2.8	0	0	0	0	11.00645161			
1996- 5	0	0	0	0	0	0	0	0	0	0	0	0	0	0	0	0	0	0	0	0	0	0	0	0	0	0	0	0	0	21	11.5	1.048387097			
1996- 6	5.4	0	0	0	0	0	0	0	0	0	6.5	0	0	0	0	0	0	0	0	0	0	0	0	0	0	0	0	0	0	0	0	0.383870968			
1996- 7	0	0	0	0	0	4.2	0	0	0	12	0.4	0.5	0	0	0	0	0	0	0	0	0	0	0	0	0	0	0	0	0	0	0	0.551612903			
1996- 8	0	0	0	0	0	0	0	0	0	0	0	0	0	0	2	22.2	15.9	0	3.6	0.6	0	1.7	3.3	0	0	0	0	0	0	2.5	0.4	1.683870968			
1996- 9	0	0	22.3	3.8	0	0	0	6	31	0	0	0	0.4	0	0	0	5.2	0	0	0	8.4	26.1	0	0	11.4	0	0	0	1.7	0	0	3.751612903			
1996-10	0	0	0	0	1.5	49.5	17.9	0	29.6	0	8.5	54.9	14.5	37.5	20.9	0	0	0	0	0	0	0	0	31.3	0	0	0	0	0	0	0	8.583870968			
1996-11	0	0	3.3	0	0	0	0	0	0	11	27.7	11	52.3	0	0	0	23.8	17.2	0.5	4.9	10	0	3.8	5	70.5	136.5	0	77.1	0	0	0	14.66451613			
1996-12	0	0	2.7	0	0	7	66.8	0	3.1	44.5	17.3	10	20	47.3	7.6	0	0	0	0	0	0	0	0	0	0	66.8	0	0	0	0	0	9.45483871			
1997- 1	0	0	0	0	0	0	0	0	0	0	0	0	0	0	0	0	0	0	0	5	3	0	0	0	0	0	0	0	16.5	0	0	0.790322581			
1997- 2	7.6	10	5.6	12	0	0	0	0	0	0	0	0	0	0	0	0	0	0	0	0	0	0	0	0	0	0	0	0	0	0	0	1.135483871			
1997- 3	0	2.8	13	0	0	0	0	0	0	0	0	0	0	0	0	0	0	0	0	0	0	0	0	0	0	0	0	0	0	0	0	0.509677419			
1997- 4	0	14.8	53.4	30.2	4	29.1	56.1	1.4	0	3.6	11.9	0	0	0	0	0	0	12.3	8.2	10.1	13	27	1	0	18	20	0	0	0.3	12	0	10.52903226			
1997- 5	31.7	0	0	30.9	57	7.2	1	46.4	4.9	9.9	0	10.2	47.5	6	53.5	7.2	0.2	0	0	0	0	0	0	0	0	0	0	0	0	0	0	10.11612903			
1997- 6	0	0	0	0	0	24.8	25.2	0	0	0	0	0	0	3.9	0	0	0	0	0	0	26	5.4	0	0	0	0	0	0	0	0	0	2.751612903			
1997- 7	0	0	0	0	0	10.2	0	0	0	0	0	0	0	0	2.8	0	0	4	6	2.6	0	0	0	2	0	0	0	0	0	0	0	0.890322581			
1997- 8	0	0	0	0	0	0	0	0	0	0	0	0	44	1	0	0	0	0	0	0	0	0	0	0	0	0	0	0	0	0	0	1.451612903			
1997- 9	2.9	0	0	0	0	0	0	0	44	9	10.6	0	0	22.7	0	0	8.5	22.5	0	0	3	2.9	2.3	0	0	0	38.3	0	0	0	0	5.377419355			
1997-10	0	21.2	22.8	20	0	0	32.4	17.5	0	0	0	0	0	0	60.6	4.1	0	0	12	54.5	4.9	0	0	40.2	0	18.2	0	13.6	33.3	37.7	19.5	13.30645161			
1997-11	0	0	8.9	63.9	0.8	4.6	33.6	0.3	0	5.6	14.2	2.1	2.5	112	34	0	2.9	75.2	40.5	24.1	24.8	1.8	0	26.3	55.2	0	24.2	7.7	0.5	0.2	0	18.25483871			
1997-12	7.5	6.5	12.4	12.6	15	17	31.5	69.1	0	2	70.6	4.8	5.8	2.6	0	7.3	26.2	2.7	7.6	0	0	6.7	0	0	0	0	0	0	3.7	0	0	10.0516129			
1998- 1	13.8	4.5	60.9	4.8	0	0	0	0	0	0	0	0	0	0	0	0	33	0	0	0	0	0	0	0	0	0	0	0	0	0	0	3.774193548			
1998- 2	0	0	0	0	0	0	0	0	0	0	0	0	0	0	0	46.5	19.9	0	34.1	0	0	5.4	0	0	0	0	0	0	0	0	0	3.416129032			
1998- 3	0	0	0	0	0	0	3.7	6.6	1.4	0	0	0	0	24.3	0	0	0	0	0	0	0	0	0	0	0	0	0	0	0	0	0	1.161290323			
1998- 4	0	0	20.7	0.7	0.7	1.7	0	0	0	0	0	0	0	0	0	19.5	0	0	0	0	0	0	0	0	0	2.3	0	0	0	0	0	1.470967742			
1998- 5	0	16.3	25.2	2	22.3	0.9	7.6	0	5.5	50	9.7	20	11.8	0.8	0	0	0	0	0	0	0	0	0	0	0	0	0	0	0	0	0	5.551612903			
1998- 6	0	0	0	0	0	0	0	0	0	0	0	0	0	0	0	0	0	0	0	0	0	0	0	0	0.7	0	0	0	0	0	0	0.022580645			
1998- 7	0	0	0	0	0	0	0	0	0	0	0	0	0	2.2	0	6.6	50	63	0	0	0	0	0	0	0	0	0	0	0	0	0	3.929032258			
1998- 8	0	16	0	0	1.6	0	0	0	0	0	0	0	0	0	26.6	35.5	11.6	1.6	0	0	1.7	0	0	0	0	0	0	0	0	0	0	3.051612903			
1998- 9	0	0	0	0	0	0	0	0	0	0	0	0	0	0	0	0	0	2.1	0	0	0	0	30	0	0	9	0	0.6	0	0	0	1.34516129			
1998-10	6	0	0	0	0	0	0	0	0	0	0	0	0	0	0	0	0	0	0	2.1	0	0	0	0	19.2	26.4	0	14.9	24.1	20.2	43.1	5.032258065			
1998-11	1.3	9.4	0	0	0	114	33.2	33.2	10.1	3.8	7.6	0	8.7	0	0.9	0	11.8	0	17.6	0	0	0.5	195	1.8	8.2	0.4	0	0	0	19.6	0	15.39032258			
1998-12	45	4.8	0	25	31	2.5	60	2.7	3.4	1.9	40.1	16.2	3.4	3.1	1.7	0	0.6	28.7	44.3	0	25.5	0	0	0	0	0	11.5	11.7	8.7	13.3	0	12.42258065			
1999- 1	6	10	24.7	3.6	4.5	24.4	0	0	0	0	0	0	0	0	0	12.5	0	24.7	1.8	17.7	0	0	0	0	0	0	0	0	0	0	0	4.190322581			
1999- 2	68.6	31.5	0	2.2	0	20.1	0	25.2	5.7	0	0	0	0	0	0	0	0	22	0	0	38.6	0	0	0	0	0	0	0	0	0	0	6.9			
1999- 3	0	0	0	0	0	0	0	0	11.4	0	0	18	0	85.4	0	1.6	2.2	8.6	0	0	1.7	0	0	0	0	0	0	17.7	43.5	10	76	8.906451613			
1999- 4	16.4	52.2	4.1	14.3	23.3	34.6	15	3.4	3	1.3	0	0	0	0	0	0	0	0	0	3.5	0.6	0	0	0	0	0	0	0	0	0	0	5.538709677			
1999- 5	0	0	0	0	0	0	0	0	0	0	0	0	0	2.1	0	1.2	13.1	0	9.6	33.5	0	0	0	0	0	0	0	2.3	10	0	0	2.316129032			
1999- 6	0	0	2.7	0	0	8.7	0	0	0	0	3.1	0	0	0	0	0	0	0	0	0	0.7	0	0	0	0	0	0	28.8	0	0	0	1.419354839			
1999- 7	0	0	0	0	0	0	0	0	0	0	0	0	0	0	0	0	0	0	0	0	0	0	0	0	0	0	0	0	0	0.4	0	0.012903226			
1999- 8	0	0	0	0	0	0	0	0	0	0	0	0.5	0	0	0	0	1.4	0	0	0	0	0	0	0	0	0	0	0	0	0	0	0.061290323			
1999- 9	0	0	0	0	0	0	0	0	0	0	0	4.2	0	0	0.2	0	0	0	14.2	1.1	8.3	0.5	0	1.1	0	0.8	1.2	16.3	0.3	0	0	1.55483871			
1999-10	7.8	1.2	2.1	2.8	12.6	0	4	0	1	8	0.7	29.7	0	9.9	0	0	0	0	0	1.2	1.7	0	0	35.6	26	24.2	10.3	0	0	0	0	5.767741935			
1999-11	0	0	0	0	34.7	20	10.2	30	13.7	0	0	10	5.6	0	0	15.8	19.4	0	48.4	10	2.7	33.3	16	0	0.3	0	0.5	0	6.1	22.1	0	9.638709677			
1999-12	31.9	5.3	0	1.8	0	0	2.1	4.1	0	0	0	0	0	0	0	4.4	0	0	0	0	0	0	6.3	2.1	0	0	0	0	0	0	0	1.870967742			
2000- 1	0	0	2	0	6	0.3	0	30	7.5	0	0	0	6.7	20	10	25.1	0	0	0	0	0	0	0	0	0	0	0	10	24.2	0	0	4.574193548			
2000- 2	6.2	27.2	25	30	12	6	48	0	0	0	0	0	0	0	0	0	0	0	15	23.5	56.4	29.6	0	0	8.6	0	105	0	4.5	0	0	12.80645161			
2000- 3	0	0	3.2	0	0	24.2	1.8	0.5	5.2	120	63	22.5	0	0	2.7	1.4	13.4	0	0	0	0	0	20.4	10	5	10	1.3	0	0	0	0	9.825806452			
2000- 4	0	0	1.5	3.7	1.8	0	42.7	10	4.6	8.2	0	0	0	0	0	0	0	0	0	0	1.1	1.6	0	0	0	0	0	0	0	0	0	2.425806452			
2000- 5	9	18.6	2.7	0	0	0	0	0	72.2	0	0	0	0	0	0	0	0	0	0	0	0	3.4	0	0	0	0	0	0	0	6.8	1	3.667741935			
2000- 6	0	0	0	0	0.2	1.6	0.2	0	0	0	0	0	0	0	0	0	0	0	0	0	0	0	0	0	18	0	0	0	0	0	0	0.64516129			
2000- 7	0	0	0	0	0	0	0	0	0	0	0	0	0	0	0	0	0	0	0	0	0	0	0	0	0	0	0	0	6.7	0	2.5	0.296774194			
2000- 8	5.5	0.2	0	0	0	0	0	0	0	0	0	40	1.4	31.3	0	0	0	0	0	0	0	0	0	4.4	0	1.2	0	0	0	0	0	2.709677419			
2000- 9	0	0	0	0	0	0	0	0	3.9	0	0	0	0	0	0	0	15.5	0	1.7	0	0	4.3	5.1	9.4	1.7	0	0	0.8	0	3.4	0	1.477419355			
2000-10	0	0	5.8	11.1	16	10	2	0	0	0	2	2.3	0	0	0	0	0	0	0	6.9	0	0	0	0	2.6	0	0	0.3	12	2.3	0	2.364516129			
2000-11	34.8	11.3	20	6.6	0	0	5.3	0	0	5.9	15	10	0	0	0	0.7	34.5	37.7	34.5	1.6	0	69.7	20.2	3.6	0	0	1	0	0	0	0	10.07741935			
2000-12	24.3	0	0	0	0	0	0	0	0.3	0	0	0	0	0	0	0	12.2	0	0	0.9	0	0	3.3	0	0	2.2	0	5.8	0	0	0	1.580645161			
2001- 1	20.5	0	0	4.6	0	0	0	0	0	0	13.3	0	0	0	0	0	7	19	0	0	7	3.8	0	0	0	0	3.2	0	39.1	0	5.3	3.961290323			
2001- 2	12.7	0	64.1	32.6	0	0	0	0	0	0	0	0	0	0	0	10.3	0	7.5	0	0	19.4	0	0	0	0	0	0	0	0	0	0	4.729032258			
2001- 3	0	0	0	0	0	0	0	0	0	0	0	0	0	0	12.7	0	0	14.2	63.8	5.9	21.9	0	4	0	0	0	8.2	0	0	0	10.6	4.558064516			
2001- 4	0	0	1.6	0	1.3	25.2	0	66	47.8	1	11.4	6.5	10	30	0.1	0	0	3.1	22.5	0	0	0	0	43.5	3.5	7	0	5.9	0	10	0	9.561290323			
2001- 5	3.5	1.8	0	0	0	0	0	0	0	0	0	0	0	0	0	0	0	0	0.5	0	0	0	21.8	0	0	0	0	0	0	0	0	0.890322581			
2001- 6	2.2	9	11	0	0	0	0	0	0	0	0	0	0	0	0	0	0	0	0	0	0	0	0	0	0	0	0	0	0	0	0	0.716129032			
2001- 7	0	0	0	3.5	0	0	0	1.6	0	0	0	0	0	0	0	0	0	0	0	0	0	0	0	5.6	10.5	1.4	10.4	0	0	6	0	1.258064516			
2001- 8	0	0	0	0	0	0	0	0	0	0	0	0	0	0	0	0	0	0	0	0	0	0	0	0	4	10	0	0	0	0	0	0.451612903			
2001- 9	0	0	0	0	0	0	0	0	0	0	0	5.4	0	0	70	2.7	0	0	0.8	0	0	0	0	0	1.1	0	0	3.5	0	0	0	2.693548387			
2001-10	0	1.4	5.1	24.3	0	0.8	0	0	0.6	0	0	2.2	0	2.7	0	0	0	0.9	0	5.3	70	3.9	2.4	9.3	19	0	2.2	5	21.5	24	37.5	7.680645161			
2001-11	0	0	35	29.5	4.6	1.1	0	0	10	12.4	0	0	0	37.5	11.1	5.3	20.3	18.2	1.4	0	1.4	15.8	0	0	0	0	2.1	0	0	0	0	6.635483871			
2001-12	0	0	0	0.1	10	7	0	0	0	0	0	0	0	0	0	0	0	6.4	3.1	30.2	37	20	1	0	0	0	0	0	0	28.1	0	4.609677419			
2002- 1	3.1	0	0	8	0.8	0	0	0	0	0	0	0	0	0	0	0	0	0	0	0	0	0	0	0	0	0	0	0	0	0	32.3	1.425806452			
2002- 2	0	10	10.4	16.2	0	0	0	0	0	1.9	4.2	0	0	0	0	0	0	0	0	0	0	0	0	0	0	0	0	0	0	0	0	1.377419355			
2002- 3	0	0	0	0	0	0.5	15.7	0	0	0	0	0	0	0	0	0	0	0	0	0	0	0	0	7.2	1.2	0	0	0	4.1	18	15.9	2.019354839			
2002- 4	82.5	2.8	7.1	12.8	0	0	0	0	21.5	0	0	1.2	12	18	6	0.3	5.6	2.2	10	6	0	17.5	7.6	4.1	9.5	20	0	120	0	9.3	0	12.12903226			
2002- 5	0	31.3	10	5	4.3	8.3	0	0	33.2	0	0	0	0	0	0	0	0	0	0	0	0	0	0	0	2.4	0	0	0	0	0	0	3.048387097			
2002- 6	0	3.5	0	0	0	0	0	0	39.7	0.5	1.4	0	0	0	0	0	0	0	0	0	0	0	0	0	0	0	0	0	0	0	0	1.45483871			
2002- 7	0	0	0	0	0	0	0	0	0	0	0	0	0	0	0	0	0	0	0	0	0	2.5	0	0	0	0	0	0	0	0	0	0.080645161			
2002- 8	0	0	0	0	0	0	0	0	0	0	0	0	0	0	0	0	0	0	0	0	0	0	0	9.1	10	1.9	0	1	0	0	0	0.709677419			
2002- 9	0	0	0	0	0	0	0	0	0	0	0	0	0	0	0	0	0	0	0	0	0	0	1.5	0	5.8	4.9	0	4	21.9	36.9	0	2.419354839			
2002-10	0	4.6	23.6	0.9	0	0	78	49	0	0	0	0	3.3	0	0	34.3	0	0	10	22	4.3	0	18.5	2.4	10	15	16	1.3	46	10.5	0	11.28064516			
2002-11	0	0	3	6.5	12.5	0	30.6	2	6	4	5.2	0	1.5	19.5	3	7	12.7	30	36.5	2	6.7	8	12	14	0.5	0	27.5	6.9	0	0.5	0	8.325806452			
2002-12	0	0	6.1	0	9	10	6	14.2	3.7	0	0	0	0	3.4	0	23	7.5	13.5	10	0	0	2	4	0.3	3	0	0	0	0	0	0	3.732258065			
2003- 1	0	0	0	0	5.4	2.3	0	1.8	4.1	1.4	0	0	0	0	28	0	0	3	1.8	1.2	7	0	0	0	0	0	0	0	0	0	0	1.806451613			
2003- 2	0	0	0	0	0	6.6	0	0	0	3.3	7.5	40	0	0	0	0	0	0	0	0	0	0	0	0	0	0	0	0	0	0	0	1.851612903			
2003- 3	0	0.3	0	1.9	0	0	2.2	0	0	0	10.2	18.3	69.2	0	1.2	0	10	28.5	0	42.6	0	0	0	0	120.8	0	33.8	0.4	0	0	0	10.9483871			
2003- 4	0	0	0	0	0	0	79.2	1.7	45	0	0	0	0	13.6	1.5	0	0	10	1	0.3	44.7	9.1	13.1	0	0	0	4.8	23.5	0	0.9	0	8.012903226			
2003- 5	30	102.5	15.3	0	0.7	0	0	0	0	0	0	2.6	0	0	0	0	6.6	0	0	0	0	0	0	0	0	0	0	0	0	0	0	5.087096774			
2003- 6	0	0	0	0	0	0	0	0	0	0	0	0	0	0	2.1	0	0	0	0	0	0	0	0	0	0	0	1.3	4	6	0	0	0.432258065			
2003- 7	0	0	0	0	0	0	0	0	32.4	4.2	0	0	0	0	0	0	0	0	0	0	0	0	0	0	0	0	0	1.2	0.2	3.6	0	1.341935484			
2003- 8	0	0	0	0	0	0	0	0	0	0	0	0	0	0	11.5	0	0	0	0	0	0	0	0	0	0.7	0	0	0	0	0	0	0.393548387			
2003- 9	0	0	0	0	0	0	0	0	0	0	0	0	0	0	0	0	7	16.8	0	0	1.7	0	22.7	0	0	5	7	0	6.5	0.7	0	2.174193548			
2003-10	2.2	5.2	0	0	0	0	0	0	0	0	0	5.1	0	0	3.3	0.9	0	1.7	0	0	0	0	0	0	0	57.2	0	0	0	0	0	2.438709677			
2003-11	10	14	9.6	7.5	10.5	19.7	17.5	8	5	0	0	0	0	60	16	5.3	0.7	16.5	1.6	2	33	20	4.1	0	0	0.7	0.5	10.4	67.5	40	0	12.26129032			
2003-12	0	0	0	0	0	0	0	0	0	0	13.2	0	0	0	3.4	0	0	60.2	0	0	0	0	0	0	0	0	0	0	0	0	0	2.477419355			
2004- 1	0	0	0	0	0	0	0	0	5	15.9	0	0	0	0	0	0	0	0	0	0	0	0	0	0	0.9	65.2	6	0	0	0	0	3			
2004- 2	0	0	2.9	0	0	0	14.4	0.7	0	0	2.5	0	0	0	0	0	0	0	0	0	0	8.2	0	0	0	3.1	8.8	30	0	0	0	2.277419355			
2004- 3	0	0	0	0	0	0	0	3.3	0.3	0	0	0.2	20	25	0	7.1	0	0	0	0	27.8	3.3	0	26.2	1.2	0	25	4.3	2.2	7.6	0	4.951612903			
2004- 4	0	0	10.9	10	0	0	0	0	0	0	0	0	0	0	0	0	0	0	0	0	0	0	19	21	3.5	39	22.8	7.2	0	10	0	4.625806452			
2004- 5	12	65.2	0	0	2.4	0	0	0	0	0	0	0	0	0	0	0	0	0	0	0	0	0	7.5	0	0	6.6	8.8	8	0.8	0	0	3.590322581			
2004- 6	0	0	0	0	0	0	2.8	0	4	0	0	0	0	0	0	0	0	0	0	0	0	0	0	0	0	0	0	0	0	0	0	0.219354839			
2004- 7	0	0	0	0	3.3	1.8	0	0	0	0	0	0	0	0	0	0	0	0	0	0	0	0	0	0	0	0	0.5	3.6	0	0	0	0.296774194			
2004- 8	0	0	0	0	0	0	0	0	1	0	0	0	0	0	0	0	0	0	0	0	0	2.6	0	0	0	0	0	0	0	0	0	0.116129032			
2004- 9	22.6	5.4	0	0	0	2.3	22.1	0	0	0	0	1.2	1	0	0	0	0	0	0	34.9	23.8	2	5	2	4	6.3	58.5	0	0	33.7	0	7.251612903			
2004-10	29.8	0	0	0	0	0.7	0	0	0	16.7	5.7	44.9	9	18.2	0	30.2	56.5	0	9.1	3	14	15.6	14	15.6	8	1.9	4	18.5	18.5	40.3	21	12.7483871			
2004-11	23	0	5.3	0.5	0	6	11.5	1.9	0.3	0.5	0.3	0.2	0.3	0.5	12.9	5.8	0	0	0	0	0.3	55.7	0	2.2	5.3	0	0	0	0	17.4	0	4.835483871			
2004-12	0	0	8.5	10	30	1.8	0	0.8	0.5	5	30	60.5	3.3	48.3	8	42.2	0	0	0	0	0	0	0	0	0	0	5.3	23.9	0	0	10	9.293548387			
2005- 1	5.8	0	0	0	0	0	0.8	0	0	0	0	0	0	0	0	0	18.6	8.4	1.2	0	20	17.2	0	0	0	0	0	0	0	0	3.4	2.432258065			
2005- 2	125	1.3	0	0	0	0	0	0	0	0	0	0	0	0	0	0	0	0	0	0	0.3	0	0	0	0	0	0	0	0	0	0	4.083870968			
2005- 3	0	0	0	0	0	0	0	0.6	2.9	0.7	0.8	4	3	0	0	0	0	0	0	0	0	0	18	23	30	48	0	0	0	1.6	19.2	4.896774194			
2005- 4	0	7.3	0	18.4	1.9	1.7	0	5	4	2	60	0	4	2.4	0	0	3	5.2	4.7	0	0	0	10	24.4	25.9	17.1	10.5	6.8	19	21	0	8.203225806			
2005- 5	25.2	9.3	16.7	1.6	10.6	6	30	0	0	0	0	0	0	0	0	0	0	0	3.5	0	0	0	0	0	0	0	0	0	8.8	0	0	3.603225806			
2005- 6	0	0	0	0	0	0	0	5.4	6.2	0	0	0	0	0	0	0	0	0	0	0	0	0	0	0	0	0	0	0	0	0	0	0.374193548			
2005- 7	0	0	0	0.6	0	0	0	0	0	0	0	39.6	0	50.6	19.7	0	0	0	0	0	0	0	0	0	0	0	0	0	0	0	0	3.564516129			
2005- 8	0	0	0	0	0	0	0	10.2	0	0	0	0	0	0	0	0	0	0	0	0	0	0	0	0	0	0	0	0	0	15.7	0	0.835483871			
2005- 9	0	6	0	11.8	0.7	0	0	0	0	0	0	0	0	0	0	0	0	0	0	0	0	0	10.5	11	0	0	0	0	0	0	0	1.290322581			
2005-10	0	0	3.1	1.4	4.5	4.4	15	15	10	15.1	0	0	10	8.1	0	0	0	20.6	7.7	25.9	15	25	4.9	0.3	2.8	1.8	0	0	0	0	0	6.148387097			
2005-11	0.4	8.2	60	75	60	22.6	23.3	8.8	3.9	23.9	11.2	1.2	28.2	39.2	2.1	0	0	0	0	6.7	63.7	0.3	1.3	75.3	9.5	20	13.5	34.8	31.3	1.8	0	20.2			
2005-12	0	0	5	5.6	21.6	29.5	0	0	0	0	12.4	2.2	0	0	1.7	2.4	0	0	0	0	9	27	0	0	0	0	0	0	0	0	0	3.75483871			
2006- 1	0	0	0	0	0	0	4	3.3	5.5	8.2	30	0	30	14.7	0	0	0	0	0	0	0	0	0	0	0	0	0	0	0	0	0	3.087096774			
2006- 2	0	0	0	7	8	0	0	5.2	20.8	0	0	0	0	0	0	1.5	40	0	0	0	0	0	0	0	0	0	0	0	0	0	0	2.661290323			
2006- 3	0	1.2	4	6.5	0	12.4	0	0.5	0.4	9	69	0.3	0	0	1.2	3	0	0	0	7.5	0	5.5	6.5	3.6	14	23.7	25.6	0	0	3.8	0	6.377419355			
2006- 4	13.1	40	0	0	2	0	0	0	33.5	5.7	0	0	0.3	10	10	14.2	8.1	12	22.5	0	0	4.5	4.3	0	0	0	0	0	0	0	0	5.812903226			
2006- 5	0	0	3.2	0	0	0	0	0.5	1	0	0	0	0	0	0	0	0	0	0	0	0	0	0	19	0	0	0	2.8	0.2	0	0	0.861290323			
2006- 6	0	0	0	0	0	0	0	0	0	0	0	0	0	0	0	0	6.4	11.5	3.1	0	0.9	0.8	0	0	0	0	0	0	0	0	0	0.732258065			
2006- 7	0	0	0	0	1.8	0	0	0	0	0	0	0	0	0	0	0	0	0	0	0	0	0	0	0	0	0	0	0	0	0	0	0.058064516			
2006- 8	0	0	0	0	0	0	0	0	0	0	0	0	0	0	0	0.2	0	0	0	0	0	0	0.5	0	0	0	0	0	0	0	2.8	0.112903226			
2006- 9	0	0	20	0	0	77	0	0	0	0	0	0	0	0	0	0	0	0	0	0	0	24.6	4	2	0	0	0	0	0	0	0	4.116129032			
2006-10	0	0	0	0	0	0	0	0	0	0	0	27.3	0	1.5	46.3	1.7	21.1	39.7	6.4	22.3	5.2	0.7	8.2	10.7	47.5	16.9	16.7	10.5	0.2	83.5	2	11.88387097			
2006-11	0	5	15	8	3.3	48.1	18.1	91	49.2	42	31.3	39	0.2	0.2	7.6	118	0.7	28.5	10	23	48.7	9.3	2	0	4.8	6	0.1	0	0	0	0	19.6483871			
2006-12	0	5	25	8	1.3	0.9	7.4	0.1	0	2.6	2.5	0.4	0	0	12	50.3	1	0	24.7	9.5	0	0	7.6	0	0	0	0	0	0	0	0	5.106451613			
2007- 1	0	0	0	0	0	0	0	3.7	7.4	39.3	45.5	7	0	0	0	0	0	0	0	0	0	0	0	0	0	15	10	1.3	3.3	0	0	4.274193548			
2007- 2	0	0	0.3	0	0	0	0	0	0	0	2.6	0.8	1.9	0	0	0	6	19.5	0	0	0	0	0	0	0	1.7	0	0	0	0	0	1.058064516			
2007- 3	0	0	6.3	4.3	0	0	0	0	0	0	0	0	0	0	0	0	0	0	0	0	0	0	0	0	0	0	0	0	0	0	0	0.341935484			
2007- 4	74	41	0	0.5	0	3	3.1	29	2.1	91.2	0.2	17.1	16.2	2.5	47.3	30.2	21.2	6.1	35.2	0	0	27.2	43.8	13.5	6.6	7	81.5	85.3	3.9	0	0	22.21612903			
2007- 5	0	0	0	0	0	8.1	0	0	0	0	0	0	0	0	0	0	0	0	0	0	0	0	0	3.2	0	36.8	6.8	0	0	0.2	0	1.777419355			
2007- 6	0	0	0	0	0	10.2	0	0	0	0	0	0	0.8	0.8	0	4.6	0	0.4	0	0	2.7	0	4.3	1.4	21.7	0	0	0	0	0	0	1.512903226			
2007- 7	0	0	0	0	0	0	0	0	0	0	0	0	0	0	0	0	0	0	0	0	0	0	25.3	0	0	0	0	0	0.9	0	0	0.84516129			
2007- 8	0	0	0	0	0	0	0	0	0	0	0	0	0	0	0	0	0	0	0.3	0	0.4	0	12.7	0	5.4	0	0	0	0	0	0	0.606451613			
2007- 9	5.6	0	0	0	0	1.2	0.4	4.9	23.6	0	31.3	0	38.7	0.2	0	0	3.1	0	0.2	0	0	0	0	0	0	0	2.4	0	0	0	0	3.6			
2007-10	0	0	0	0	0	0	0	0	0	2.9	0	0	6.3	13	38.2	8.1	7.5	0.7	10.5	35	1.3	0.7	0	14.9	77.9	0	45.5	0	0	0	0.9	8.496774194			
2007-11	23	36.8	38.6	2.1	31.6	20.2	63.7	0.5	0	11.3	18.4	1.8	3	4.7	1.7	0	0	0	0	0	0	0	6.8	30.5	0	0	46.3	3	0	0	0	11.09677419			
2007-12	0	11.7	0	0	0	0	0	0	0	0	0	40.6	0.5	17.5	7	0.2	7.5	34.5	11.7	11.9	24.2	10.9	8.1	3.6	0	0	0	0	0	0	0	6.125806452			
2008- 1	0.92	0.21	2.51	4.47	7.58	10.29	21.94	17.58	8.03	19.10	6.23	11.55	4.96	1.52	11.25	1.51	0.75	2.86	0.04	0.01	0.00	0.01	0.73	0.08	1.71	0.10	9.41	0.00	0.07	0.91	0.56	4.737275987			
2008- 2	12.3	0	0	0	0	2.7	0.3	58.5	13.2	2.1	0	10.2	0	0	2.5	0	0	0	0	0	0	0	0	0	0	2.5	0.1	0.6	3	0	0	3.483870968			
2008- 3	0	2	16.4	35.5	2	1	0	0	17.8	0	0	124.2	27.2	1	23.8	3.1	7	9.9	0	2.5	16	0	0	4.2	0	0	0	27.8	2.1	0	5	10.59677419			
2008- 4	0.2	2	9.2	45	0.3	10.5	7.5	7	6	18.5	83	0	5.5	149.5	0	1.8	0.7	1.8	0	0	0	0	8.5	0.3	13.9	22.7	4.6	16.4	0	0	0	13.38387097			
2008- 5	0	0	0	0	0	0	0	0	0	0	0	0	0	0	0	0	0	0	0	0	0	0	0	0	7.8	18	3.8	0	0	0	0	0.95483871			
2008- 6	1.2	0	0	2.3	1.6	0.4	0	0	4.9	0	0	0	0	0	0	0	0	0	0	0	0	0	0	0	0	0	0	0	0	0	0	0.335483871			
2008- 7	0	0	0	0	0	0	0	0	0	0	0	0	0	0	0	0	0	0.7	0	0	0	11.2	0	0	0	0	0	0	0	0	0	0.383870968			
2008- 8	2	0	0	0	0	0	0	0	0	0	0	0	0	0	0	2.6	0	0	0	0	0	8.5	3.5	0	0.8	0.5	5	8.5	0	0.2	0	1.019354839			
2008- 9	2	0	5.5	0	1.3	0	0	0	0	0	0	0	0	0	0	0	11.5	0	0	0	0	0	0	0	0	15.3	0	0	0	0	0	1.148387097			
2008-10	0	2.9	22.3	31.1	0	0	1.6	0	35.5	49.2	6.2	35.3	2.2	20.2	4.6	5.5	0	1.2	20	55	0	2.9	1.8	0	0	0	0	3.2	28.5	1.9	0	10.68064516			
2008-11	0	0	18	0	0	0	52	67	0	1.7	0	0	9.2	0	6.3	8.7	37	0	20.5	12	0.3	0.2	23	12.4	0	0.6	5.5	29	0	5.3	0	9.958064516			
2008-12	0	40.7	34.2	2.7	5	0	2	0	8.9	1.7	18.3	0	0	0	18.3	8.8	41.3	0	3.5	0	0	0	0	0	0	0	0	0	0	0	0	5.980645161			
2009- 1	0	0	0	0	0	22.5	0	2.5	13.2	0	0	0	0	2	0	0	0	0	0	0	0	0	0	0	4.1	0	52.6	0	0	0	0	3.125806452			
2009- 2	0	0	0	0	0	0	0	0	0	0	2.2	3.9	0	0	0	0	0	0	0.1	0	0	0	3.6	0	0	0	1.5	0	0	0	0	0.364516129			
2009- 3	0	0	0	0	0.2	0	0	31.2	9.3	0.1	13.8	0	3.1	0	0	36.3	3	13.2	39.3	49.3	26.7	3.8	13.7	16.7	5.5	58.6	65.8	27.8	11	1.9	0	13.88064516			
2009- 4	0	6.9	0	1.3	32.9	10.4	2	29.4	0	17.5	105.3	0	14.8	0	0	0	0	0	0	0	0	0	0	0	0	0	7.4	0	0	7.1	0	7.580645161			
2009- 5	0	0	0	0	5.3	0	0	0	0	0	0	0	0	0	0	0	0.6	0.4	4.2	0	0	0.5	0.2	0.4	0.2	3.2	0	0	0	0	0	0.483870968			
2009- 6	0	0	0	0	0	0	0	0	0	0	0	0	0	0	0	0	0	0	0	0	0	0	0	0	0	0	0	0	4.5	0	0	0.14516129			
2009- 7	0	0	0	0	0	0	0	0	0	0	0	0	0	0	0	0	0	0	0	0	0	0	0	5.5	3	0	0	0	0	1.1	0	0.309677419			
2009- 8	0	0	0	0	0	0	0	0	0	0	0	2.4	7.2	0	0	5.2	1.3	1.5	38	0	0	0	0	0	0	0	0	0	0	0	0	1.793548387			
2009- 9	0	0	0	0	0	0	0	0	0	0	9.4	0	0.4	0	0	0	0	0	0	0	1.3	0	0	0	0	0	0	0	0.6	1.2	0	0.416129032			
2009-10	0.2	0	0	0	0	0	0	0	0	0	8.5	1.2	9.2	68.1	0	58	0	31	62.7	0	0	0	0	47.2	0	0	0	15.7	11.3	0	5.6	10.28064516			
2009-11	0.2	22.8	2.7	29.4	13.6	15.1	2.7	15.4	27.2	15	0	2.5	1.9	69.6	11.9	0	49.2	7.2	8.8	15	3.9	0.2	6.8	1	0	0	0	1.5	2	13.2	0	10.92903226			
2009-12	31.6	24.9	0	0	0	13.2	1.2	2.3	10.6	0	0	83.3	8.5	0	10.7	11	81	0	0	0	13.3	1.7	9	5.7	0	0	32	0	0	0	0	10.96774194			
2010- 1	0	0	0	0	0	0	3.4	2.3	0	0	0	52.7	29.1	0	15.3	5.8	0	0	0	0	0	0	0	0	0	0	1	0	0	0	0	3.535483871			
2010- 2	0.7	0	0	0	0	0	0	0	0	0	0	0	0	0	0	2.5	0	0	0	0	0	0	0	0	0	0	0	0	0	0	0	0.103225806			
2010- 3	0	0	0	0	0	0	0	0	0	0	2	0	0	0	0	0	0	0	0	0	0	0	80	0	0	87.7	62.3	1.2	24.6	0	0	8.316129032			
2010- 4	0.64	5.48	0.11	4.41	3.74	1.56	4.23	7.15	16.69	15.19	10.62	24.59	10.46	25.34	28.28	6.10	13.37	4.97	12.27	7.40	0.29	0.59	16.26	10.63	12.64	11.83	28.05	7.14	16.55	16.36	0.00	10.4168459			
2010- 5	33.3	0	21.2	1.7	1.1	7.2	35.5	8.7	0.2	4	0	4.8	1.6	25.2	0	0	19	0	3.1	0	0	0	0	0	0	0	0	0	0	0	0	5.374193548			
2010- 6	0	0	0	0	0	0	0	0	0	1.3	0	0	0	0	7	3.7	0	0	2	0	0	0	2.8	0	0	0	0	0	0	0	0	0.541935484			
2010- 7	0.3	0	0	0	0	6.5	0.1	19	0	0.9	0	0	2.5	3.9	0	0	0	0	0	0	0	0	9.5	0	0	0	0	0	0	0	0	1.377419355			
2010- 8	0	0	0	0	0	0	0	0	0	0	0	0	0	0	0	0	0	0	4	16.5	0	0	0	0	0	0	0	0	0	0	0	0.661290323			
2010- 9	0	0	18.8	0	0	0	0	3	13.5	0	0	0.5	1	0	0	0	0	0	0.7	4.2	35	39.2	3	0.1	0.1	0	0	25.7	1.5	0.8	0	4.74516129			
2010-10	38.1	50.8	0	0	0	0	0	0	0	0	0	0	0	0	0	0	0	0	25.7	32.7	0	0	0	0	0.5	1.7	1.7	1.8	17.2	10	0.5	5.829032258			
2010-11	0	0	1.7	9.3	3	0	3.3	0	52.6	5.2	2.8	2.5	1.5	22.2	0.6	12.3	76.1	118.5	21.2	3.2	52.5	45.9	40.6	0	22.4	93.3	9.4	0.2	0.8	2.4	0	19.46774194			
2010-12	74.8	11.6	0.6	36	0.1	0.2	0.7	0.5	0.1	0	1.5	2	2.5	0.5	49	0	0	0	0	0	0	0.6	12.5	1.7	1.5	9	0	0	7.7	1.8	4	7.061290323			
2011- 1	5.5	0.2	1	7	1.5	2.5	9.9	84.7	11.5	20	23.7	12	0	0	0	0	0	0	0	0	0	0	0	0	5.2	0.5	0.6	0	0	5	3.3	6.261290323			
2011- 2	82.7	6.6	40	20.3	5.3	17.5	14.6	0	0	0	0	0	0	3	27.3	1	0	20.3	12.4	23.3	38	0	0	0	0.5	0	0	0.6	0	0	0	10.10967742			
2011- 3	0	0	0	0	7.2	3.2	0	0	0	0	0	6.3	30.3	20.8	0	0	0	0	56.8	16	2.5	47.7	7.6	45.8	12.6	2.3	17.2	7.5	0	0	0	9.15483871			
2011- 4	0	0	0	0	0	0	13.6	34.5	20.7	0	0	45.6	0	6.2	14.2	21.7	15.6	0	4.5	6.6	0	3.4	0	2.4	23.7	0	15.7	2.1	0	0	0	7.435483871			
2011- 5	3.3	0	0	0	0	0	0	0	0	0	20.5	0	11.2	0	0	0	0	50.7	0	0	0	0	0	5.7	0.2	0	29.2	8.2	0	0.1	0.5	4.180645161			
2011- 6	0.200000003	0	0	0	0	2	0	0.5	0	0	0	0	0	0	0	0	0	0	0	0	0	0	0	0	0	0	0	0	0	0	0	0.087096774			
2011- 7	2	0	0	0	0	0	0	0	0	10	0	0	0	0	0	0	0	0	0	0	0	0	0	0.699999988	0	0	0	0	0	0	0	0.409677419			
2011- 8	0.00	0.00	4.15	0.67	0.05	0.00	0.67	0.00	0.00	0.00	0.00	1.22	0.00	1.10	1.53	3.25	1.88	0.38	0.93	2.52	0.00	0.00	0.00	0.33	1.62	0.00	1.70	1.33	5.12	1.02	4.40	1.092473119			
2011- 9	6.93	0.27	9.15	3.42	0.43	4.45	4.43	1.72	0.00	1.35	0.68	0.58	0.12	0.00	0.00	3.73	0.00	0.00	5.93	5.58	3.80	1.90	15.40	14.65	6.92	14.77	11.07	3.77	1.25	0.33	0.00	3.955913981			
2011- 10	0	8.5	0	3.5	1	9.199999809	0	8	0	0	0	0	2.5	33.20000076	31.29999924	0	0	3.5	31	3.5	38	0	28.5	39	66	0	10	26	6.300000191	7.099999905	30	12.45483871			
2011- 11	3.299999952	0	0	13.60000038	8.300000191	5.5	7.800000191	0	0	0	0	0	0	0	0	45.70000076	19.39999962	0	10	1.200000048	15	9.699999809	3.200000048	69.30000305	56.20000076	5.199999809	33	0	91.69999695	21.79999924	0	13.54516132			
2011- 12	0	30.5	47.09999847	0	0	0	0	0	0	0	0	1.200000048	2.400000095	3.700000048	0.100000001	1	2	0.699999988	24.29999924	11.69999981	7.400000095	3.799999952	11.80000019	0	0	0	0	0	0	0	0	4.764516063			
2012-1	0.00	0.35	3.07	3.02	6.28	13.93	22.42	6.20	6.00	22.58	5.50	0.88	0.68	1.92	10.38	1.55	4.48	17.13	0.22	0.08	0.00	0.07	0.67	0.47	0.93	0.08	2.27	0.00	0.40	0.43	0.03	4.259139785			
2012-2	0	0	0	0	14.60000038	2.5	0.300000012	0	0	0	0	0	0	30	0.200000003	0.400000006	0	0	0	0	0	0	0	0	0	0	2.5	11	0	0	0	1.983870981			
2012-3	0	0	0	14.39999962	6.900000095	0	0	0	0	2.5	0	0	0	3.200000048	0.5	0.100000001	0	0	0	0	0	0	0	0	0	0.800000012	20.70000076	65	19	0	0	4.293548404			
2012-4	0.55	4.70	0.28	11.95	11.22	6.27	1.68	6.50	15.67	15.23	9.10	17.32	9.08	20.83	24.47	4.48	9.23	6.83	10.23	9.68	0.72	0.17	13.93	8.77	9.12	10.97	21.80	5.82	14.18	18.95	0.00	9.668817223			
2012-5	0	0	0	0	0	0	1.600000024	0	2.200000048	0	0	0	0	0	0	0	0	0	0	0	0	0	0	0	0	0	0	0	0	0	0	0.122580647			
2012-6	0	0	0	0	0	0	0	0	0	0	0	0	0	0	0	0	0	0	0	0	0	0	0	0	0	0	0	0	0	0	0	0			
2012-7	0	0	0	0	0	0	0	0	0	0	0	0	0	25	0.899999976	10.39999962	0	0	0	0	0	0	0	0	0	0	0	0	0	0	0	1.170967729			
2012-8	0	0	0	0	0	0	0.699999988	0	0	0	0	0	0	0	0	0	0	0	0	0	0	0	0	0	0	0	10.19999981	0	0	0	0	0.351612897			
2012-9	0	0	0	0	0	0	14	10	0	0	0	0	0	0	0	0	0	0	0	0	0	0	0	12.30000019	0.200000003	0	0	0	0	0	0	1.177419361			
2012-10	0	0	0	0	0	0	1.899999976	0	5.699999809	10.5	9.300000191	0	26.5	2	34	11.19999981	16.5	29	12	16.70000076	199	3.200000048	20.10000038	2.099999905	3	49.20000076	2.299999952	18.29999924	5	4.699999809	26	16.39354841			
2012-11	4	44.29999924	30	10.5	0.699999988	5.5	0	17.29999924	36.09999847	17.10000038	4.900000095	22	1.299999952	35.5	2.299999952	0	4.5	4.5	23.5	3.900000095	0.200000003	3	55	0	103	63	37	0	0	0	0	17.06774185			
2012-12	0	0	4.199999809	84	0.200000003	3.299999952	0	0.300000012	0.699999988	0.300000012	0	0	0	0	2.099999905	43.29999924	79	11	7.199999809	0.699999988	0	16.39999962	0.200000003	0	0	11.60000038	0	17	0	0	0	9.08064512			
2013-1	0	0.699999988	11	12	0	19.5	90	3	17.5	72	8.199999809	0	0	0	0	0	0	0	0	0	0	0	3.700000048	0	0	0	0	0	0	0	0	7.664516124			
2013-2	0	0	0	0	0	11	0	0.800000012	0	0	16.39999962	6.5	64.69999695	0.100000001	2.200000048	10	20	13	0	0	0	0	0	0	0	0	0	0	0	0	0	4.667741827			
2013-3	0	0	3.799999952	3.799999952	7.5	6.300000191	0	10.19999981	0	0	1.200000048	0	53	6.699999809	2.099999905	0	0	0	0	0	0	0	77.19999695	1.700000048	3	0	0.300000012	6.300000191	4.800000191	17.29999924	0	6.619354719			
2013-4	0	0	0	9	1.200000048	0	0	0	2.799999952	2.200000048	10.5	81.30000305	21.20000076	11	3.5	0	0	0	0	0	0	0	1.600000024	38.79999924	42	60	84.5	5.699999809	29.39999962	18.70000076	0	13.65806462			
2013-5	15	1.700000048	0	0	1.200000048	75.5	2.299999952	15	0	0	0	0	16.29999924	0	0	0	0	0	1.5	25.79999924	0	0	0	0	0	0	0	0	0	0.100000001	5	5.141935436			
2013-6	0	0	0	0	0	0	0	0	0	0	1.799999952	0.200000003	0.200000003	0	0	0	0.200000003	0	0	0	0	0	0	0	0	0	0	0	0	0	0	0.077419354			
2013-7	0	0	0	0	2	16	1	0	0	0.200000003	0	0	0	0	0	0	0	0	0	0	0	0	0.5	0	0	0	0	0	0	0	0	0.635483871			
2013-8	0	0	5.300000191	3.299999952	0.300000012	0	0	0	0	0	0	7.300000191	0	0	0	0	0	0	0	0	0	0	0	0	0	0	0	8	30.70000076	6.099999905	0	1.967741968			
2013-9	41.09999847	0	0	0	0	15.5	8.5	0.300000012	0	0	2.200000048	3.5	0	0	0	0	0	0	0	0	0	0	0	0	0	0	0	0	0	0	0	2.29354834			
2013-10	0.400000006	0	0	0	6.5	0	0	0	0	0	0	0	0	0	0	4.800000191	0	38.20000076	5.199999809	0.5	0	0	0	0	4.099999905	0	9.899999619	0.100000001	9.899999619	75.5	18.70000076	5.606451635			
2013-11	8.100000381	6.099999905	14.69999981	16	0	0	0	0	0	35.09999847	2.299999952	0.100000001	0	0	5.300000191	35.70000076	0	3.900000095	106.4000015	5.900000095	0	6.800000191	23.20000076	36.29999924	10.39999962	0	0	0	4.5	3	0	10.44516132			
2013-12	2.400000095	1.600000024	12	2.099999905	16.89999962	0	0.200000003	0	60.79999924	17.39999962	9.300000191	0	0	2.599999905	34.90000153	0.200000003	0	0	0	0	0	0	0	3.099999905	2	0	0	0	0	0	0	5.338709678			
2014-1	0	0	0	4.800000191	37.70000076	3.299999952	5.900000095	6.800000191	0	0	0	3.700000048	0	5.199999809	41.79999924	1.700000048	0	0	0	0	0	0	0	0	0	0	0	0	0	0	0	3.577419366			
2014-2	0	0	0	0	0	0	0	0	0	0	0	0	0	0	0	37.29999924	0	0	6.300000191	0	0	0	2	0	0	0	0	0	0	0	0	1.470967723			
2014-3	0	0	0	0	0	0	0	0	0	0	0	0	0	0	0	0	0	45.90000153	7.5	0	0	0	0	0	0	0	0.300000012	0	0	0	0	1.732258114			
2014-4	0	6.800000191	0.200000003	0	0	0	6.099999905	0	10.60000038	0	0	0	0	88	30	0.200000003	16.89999962	2.700000048	0	0	0	0	0	2.5	0	0	1.600000024	28.39999962	55.40000153	24.60000038	0	8.838709732			
2014-5	10.60000038	5	15.10000038	10.10000038	15	5.800000191	1	0	0	0	0	5.699999809	0	0	0	2	0	0	0	19.20000076	5.199999809	0	0	0	0	0	1.5	0	0	0	0	3.103225862			
2014-6	0	0	0	0.300000012	0	0	0	0	0	0	0	0.200000003	0	0	0	0	0	0	0	0	0	0	0	0	0	0	0	0	0	0	0	0.016129033			
2014-7	0	0	0	0	0	0	0	0	0	0	0	0	0	0	0	0	0	0	0	0	0	0	0	0	0	0	0	0	0	0	0	0			
2014-8	0	0	0	0	0	0	3.299999952	0	0	0	0	0	0	0	0	0	2.900000095	2.299999952	0	1.600000024	0	0	0	0	0	0	0	0	0	0	0	0.325806452			
2014-9	0	1.600000024	0	0	0	0	4.099999905	0	0	8.100000381	1.899999976	0	0.699999988	0	0	0	0	0	0	0	0	0	0.300000012	0.800000012	40.79999924	77.40000153	63.5	4.199999809	0	0.400000006	0	6.574193577			
2014-10	31.60000038	4.400000095	4	16.89999962	0	14.39999962	3.299999952	0.699999988	0.400000006	0.300000012	0	0	0	54	24.60000038	0.699999988	4.599999905	3.799999952	4.099999905	68	42.29999924	72	8.100000381	3.299999952	5.300000191	71.5	35.79999924	46.20000076	35.20000076	73.80000305	26.70000076	21.16129046			
2014-11	1.600000024	26	2.599999905	22.10000038	11.60000038	0	0	62.40000153	2.900000095	7.300000191	13.30000019	41.40000153	8.800000191	5.900000095	0	3	0	2.400000095	5.400000095	32.79999924	8.5	9.699999809	11.30000019	8.100000381	8.100000381	28.29999924	11.19999981	0.800000012	21.10000038	82.19999695	0	14.15483874			
2014-12	1	53.59999847	14.19999981	0	0	22.39999962	0.200000003	0	0	16.5	0	0	0	0	6.5	0.200000003	10.19999981	32.29999924	36.09999847	14.5	17.20000076	10.39999962	15.30000019	59.29999924	92.30000305	0	14	0.200000003	4.900000095	0	108.5999985	17.09354829			
2015-1	0	0.200000003	0	0	0	0.200000003	0	0	0	0	0	0	0	0	0	0	0	0	0	0	0	0	0	0	0	0	0	0	2.099999905	0	0	0.080645158			
2015-2	3.099999905	0	8.100000381	0	12.5	0	0	0	0.200000003	0	6.699999809	18.70000076	8.800000191	0	0	0	0	0	0	0	0	3.200000048	0.5	0	20.70000076	2.5	37.20000076	60.5	0	0	0	5.893548472			
2015-3	2.700000048	0	11.69999981	0	0	0	0	0	0	0	0	1	22.70000076	19	0	0	0	0	0	0	0	0	0	0	0	0	0	3.799999952	0	0	10.30000019	2.296774218			
2015-4	3.299999952	0	0	4.900000095	10	1	4	1.899999976	40.29999924	73.5	43.59999847	3.299999952	32.5	26	85.5	1.600000024	24.79999924	20.10000038	12.5	28.10000038	1	0	73.09999847	6.599999905	1	0	44.70000076	0.800000012	0.300000012	35.90000153	0	18.71935479			
2015-5	48.90000153	2.299999952	0	0	35	12.60000038	0	15	0	27.29999924	0.699999988	3.599999905	0	0	0	0	0	0	0	0	0	0	0	0	0	0	0	0	0	4.699999809	19.79999924	5.480645162			
2015-6	0	0	0	0	19.5	3.700000048	3	0	0	0	0	0	0	0	0.699999988	2	0.899999976	0	0	0	0	0	0	0	0	0	0	0	0	0	0	0.961290323			
2015-7	0	0	0	0	0	0	0	0	0	0	0	0	0	0	0	0	0	0	0	0	0	0	0	0	0	0	0	0	4.900000095	0	4	0.287096777			
2015-8	0	0	0	0.699999988	0	0	0	0	0	0	0	0	0	6.599999905	9.199999809	19.5	0	0	0	0	0	0	0	0	0	0	0	0	0	0	26.39999962	2.012903204			
2015-9	0.5	0	54.90000153	20.5	2.599999905	2.299999952	0	0	0	0	0	0	0	0	0	0	0	0	0	10.39999962	7.800000191	1.5	27	43.5	0.5	11.19999981	2.900000095	4.199999809	0.699999988	1.600000024	0	6.196774223			
2015-10	0	30.29999924	4.699999809	0	0	0	2.900000095	1.100000024	0	5.5	3.5	19.79999924	4.599999905	66.90000153	0.200000003	69.19999695	44.79999924	29.39999962	26.29999924	5.699999809	1.399999976	1	53.5	34.59999847	6.300000191	0	0	0	1	5.099999905	8.600000381	13.7548385			
2015-11	2.099999905	63.40000153	0	0.699999988	18.5	1.299999952	20.10000038	23.79999924	0	0	17.89999962	18.5	22.89999962	22.89999962	11	0	1.299999952	17	37.40000153	1.700000048	5	0.100000001	8.899999619	0	0	3.900000095	0	0	36.29999924	70.80000305	0	13.08064527			
2015-12	19.10000038	78.69999695	2.700000048	11.30000019	3.400000095	0.800000012	2.400000095	57.79999924	0.600000024	24.10000038	0.200000003	0	0	55	0.5	0.100000001	4	0	13	0.200000003	0	0	0	0	0	0	50.40000153	2	37	0	9	12.00967739			
2016-1	0	0	0	0	0	2.2	0	0	0	14	23.8	0.8	0	5.5	7.6	3.8	5.1	17.2	0	0.5	0	0.4	0	2.8	5.6	0.5	13.6	0	0.3	2.6	0.2	3.435483871			
2016-2	0	0	17.8	8.8	12.2	10.6	9.9	5.5	2.9	9.3	42.8	26.4	23.2	8.1	68.6	22.8	58.3	1.7	28.2	2.5	0.4	0.6	0	0	0	3.3	0.4	3	0.2	0	0	11.85483871			
2016-3	12.8	6.2	6.1	13.5	3.3	40.6	0	0	48.7	0	0	0	0	0	0	0	0	0.7	45.8	0	0	0	0	0	0	2.2	0	2.3	31.2	1.7	0	6.938709677			
2016-4	0	21.4	0.2	0.6	0	2.1	0	0	10.1	0.2	0.5	0	0	0	12	8.6	13.7	0.2	46.4	0	0	0	8.9	4.7	0	0	0	0	0	0	0	4.180645161			
2016-5	2.1	0	0	10.7	0	17.4	0	0	15	43.4	0	0	1.4	0	0	31.8	13.8	9.2	0	0	0	0	0	0	0	0	0	0	0	0	0.9	4.7			
2016-6	0	1.7	0	0	0	0	0	0	0	0	0	0	0	0	0	0	0	0	0	0	0	0	0	0	0	0	0	0	0	0	0	0.05483871			
2016-7	0	0	0	0	0	0	0	0	0	0	0	0	0	0	0	0	0	0	0	0	0	0	0	0	0	0	0	0	0	0	0	0			
2016-8	0	0	0	0	0	0	0	0	0	0	0	0	0	0	0	0	0	0	5.6	0	0	0	0	0	9.7	0	0	0	0	0	0	0.493548387			
2016-9	0	0	0	0	0	8.9	0	0	0	0	0	0	0	0	0	22.4	0	0	0	23.1	2.3	9.9	7.9	20.6	0	0	0	0	1.5	0	0	3.116129032			
2016-10	0	0	0	0	0	0	0	0	0	0	0	0	0	0	0	0	0	0	19.1	69.9	0	0	0	17.5	27.2	13.2	13	33.5	2	9.7	8.9	6.903225806			
2016-11	13.2	0.5	0	13.2	13.5	2	0	0	64	38.9	1	64.5	13.5	102.4	0	0.5	0.8	1.5	0.5	0	0	13.7	0	0	0	0	0.8	0.5	0	0	0	11.12903226			
2016-12	0	0	0	0	0	0	0	0	0	0	0	0	0	0	0	0	0	0	0	0	0	0	39.1	0	0	0	14	0	38.9	39.6	12.7	4.65483871			
2017-1	0	1.2	7.4	1.3	0	0	0	0	0	0	0	0	0	0	9.1	3.8	0	0	0	0	0	0	0	0	0	0	0	0	0	0	0	0.735483871			
2017-2	0	0	0	0	0	0	46.5	0	0	0	26.9	0	0	0	0	2.8	41.2	0	8.9	0	0	0	0	0	1	6.6	9.9	0	0	0	0	4.638709677			
2017-3	0	0	0	0	0	0	6.4	0	0	16.3	25.2	12.2	7.1	0	0	0	9.7	0	8.9	35.1	17.8	0	36.8	9.7	26.4	0	0	0	0	0	0	6.825806452			
2017-4	0	0	0	0	0	34.5	0	37.1	17.2	15	0	0	0.8	0	15.8	0	0	0	0	22.4	0	0	0	0	0	0	0	0	0	0	0	4.606451613			
2017-5	0	0	0	0	6.4	18.8	0	0	5.1	0	22.1	38.6	0	0	0	35.3	0	0	22.9	6.4	0	0	5.3	0	0	0	0	0	0	0	0	5.190322581			
2017-6	0	0	0	0	2.3	0	0	0	0	0	0	0	0	0	0	0	0	0	0	0	0	0	0	0	0	0	0	0	0	0	0	0.074193548			
2017-7	0	0	0	0	0	0	0	0	0	0	0	0	0	0	0	0	0	0	1.5	0	0	0	0	0	0	0	0	0	0	0	0	0.048387097			
2017-8	0	0	19.6	0	0	0	0	0	0	0	0	0	0	0	0	0	8.4	0	0	13.5	0	0	0	2	0	0	0	0	0	0	0	1.403225806			
2017-9	0	0	0	0	0	0	0	0	0	0	0	0	0	0	0	0	0	0	35.6	0	12.7	0	57.2	10.7	0	0	0	14.2	5.3	0	0	4.377419355			
2017-10	0	0	5.1	1.3	0	0	0	0	2.3	0	0	0	0	0	0	0	0	0	9.4	31.2	9.9	9.7	4.3	0	0	68.6	13.5	8.4	75.4	14.5	0	8.180645161			
2017-11	31	17.5	10.7	0	0.5	19.1	71.1	12.7	1.8	13.2	5.8	5.3	7.4	0	0	0	0	0	0	54.6	58.4	13.2	0	0	0	23.6	0	0	0	0	0	11.15806452			
2017-12	55.9	0	50.8	6.4	31.8	1.3	2.3	2.5	0	0	0	3.8	11.4	62.7	38.6	10.7	0	0	0	0	12.7	4.3	0	0	0	20.3	0	0	0	0	0	10.17741935			
2018-1	0	0	0	0	0	58.4	38.6	27.4	18.5	49.5	1	0.8	4.1	0.8	3.8	0	21.8	85.6	1.3	0	0	0	0.3	0	0	0	0	0	0	0	0	10.06129032			
2018-2	0	0	0	0	0	0	0	0	0	0	0	0	0	7.9	0	74.4	0	19.1	47	0	0	0	0	0	0	2.3	0	0	0	0	0	4.861290323			
2018-3	0	0	1.5	0.5	0.3	0	0	0.3	21.1	41.2	1	6.1	2.5	0	0	0	0	5.6	0	0	21.8	17.3	4.6	14.5	0	0	5.6	0	0	0	32.3	5.683870968			
2018-4	0	0	1.3	57.2	56.1	0	0	0	13	0.5	0	19.3	0	0	0	16.5	0	18	2.5	7.6	3.3	1	0	0	11.7	5.8	0	0	0	34.5	0	8.009677419			
2018-5	3.8	6.4	12.7	1.8	5.6	5.1	12.7	0	0	0	0	0	0	0	0	0	0	0	0	0	0	0	0	0	0	0	0	0	0	1.5	0	1.6			
2018-6	19.6	0	6.4	0	0	0	0	0	0	0	0	17.8	0	0	0	0	0	0	0	0	0	0	0	0	0	0	0	0	0	0	0	1.412903226			
2018-7	0	0	0	0	0	0	0	0	0	10.4	20.3	0	0	0	0	0	0	0	0	0	0	0	0	0	0	0	0	0	0	5.3	0	1.161290323			
2018-8	0	0	0	0	0	0	0	0	0	0	0	0	0	0	0	0	0	0	0	0	0	0	0	0	0	0	0	0	0	0	0	0			
2018-9	0	0	0	2.5	0	0	0	0	0	0	0	0	4.6	1.3	4.8	0	0	0	0	0	0	0	0	0	0	0	0	0	0	7.9	0	0.680645161			
2018-10	0.8	0	0	0	0	0	0	0	0	0	0	0	0	16.8	7.9	39.4	14.2	27.8	26.4	6.4	0	2.8	0	0	0	0	0	0	0	0.8	11.2	4.983870968			
2018-11	44.5	1.5	11.4	0	0	0	0	0	0	0	0	1.3	39.4	0	0	0	10.7	0	0	0	1	0	0	0	0	0	0	0	0	0	0	3.541935484			
2018-12	14.5	45.7	0	0	0	1	0	0	0	11.7	0	0	0	0	0.8	0.5	0	0	0	0	0	18	0.8	0	0	0	0	0	0	0	0	3			
2019-1	0	0	0	0	0	0	0	0	0	1.3	21.8	0	0	0	2.8	0	0	0	0	0	0	0	0	0	0	9.9	8.6	0	0	0	0	1.432258065			
2019-2	0	40.6	14.2	0	0	0	0	0	0	5.1	0	0	0	0	0	0	0	0	0	0	0	0	0	0	0	0	0	0	0	0	0	1.932258065			
2019-3	0	0	0	0	9.1	0	0	0	0	32	0	11.4	11.4	21.6	0	0	0	0	30.7	0	0	34.8	0	0	0	0	0	32.5	7.4	0	0	6.158064516			
2019-4	0	0	0	2.5	0	11.9	5.1	0	0	0	0	0	0	0	0	0	0	0	0	0	0	0.8	0	12.5	0	0	0	16.5	25.4	24.6	0	3.203225806			
2019-5	11.7	0	0	9.9	0	0	0	0	2.5	0	0	0	0	25.9	0	0	2.8	5.1	1.3	0	0	0.8	1	0	0	4.1	15	9.4	3.1	14.7	0	3.461290323			
2019-6	3.3	0	0	0	0	0	0	0	0	0	0	0	0	0	0	1.8	0	0	0	0	0	0	0	0	0	0	0	0	0	0	0	0.164516129			
2019-7	0	0	0	0	0	0	0	0	0	0	0	0	0	0	0	0	0	0	0	0	0	0	0	0	0	1.8	0	0	0	0	0	0.058064516			
2019-8	0	0	0	0	0	0	0	0	0	0	0	0	0	0	0	0	0	0	2.5	0	0	0	0	0	0	0	0	0	0	0	0	0.080645161			
2019-9	0	0	0	0	0	0	0	0	0	0	0	0	2.7	10.1	10.1	0	0	12.7	2.2	0	0	0	0	0	21	7.6	5	6.8	0	15.2	0	3.012903226			
2019-10	4.8	19	2.5	0	58.4	0	0	34	9.9	0	4.3	24.8	8.6	23.6	34.7	2.7	62.7	0	17	36.3	1.5	9.6	0.5	0	0	80	43.1	5.8	11.1	3.5	4.5	16.22258065			
2019-11	13.5	12.7	2.5	8.4	18.3	0	0	0.8	13.7	0	0	0	0	7.9	0	0	0	25.7	3.3	13	0	3.6	6.4	6.9	0	26.7	26.2	0	0	0	0	6.116129032			
2019-12	0	0	0	0	45.7	1	0	43.4	22.6	0	12.7	1	2.5	0	24.1	0	0	0	0	4.3	0	0	19.8	5.1	3.6	0	0	0	0	0	0	5.993548387			
2020-1	0	0	0	0	0	0	0	0	0	0	0	12.7	0	0	0	0	0	0	0	0	0	0	0	0	0	0	0	0	0	0	0	0.409677419			
2020-2	0	0	0	0	0	1.5	0	0	0	0	0	0	0	0	4.8	3.1	24.1	0	0	0	0	0	0	0	12.7	0	0	0	24.4	0	0	2.277419355			
2020-3	0	0	0	0	0	0	0	0	0	30.5	0	0	0	0	0	64.5	7.6	0	0	0	27.9	17.8	2.5	0	0	11.4	3.8	0	0	0	0	5.35483871			
2020-4	0	0	0	0	23.9	0	0	0	23.9	35.3	56.6	4.6	10.2	0	24.1	38.1	19.8	0	122.5	10.2	5.1	35.6	0	0	31.8	1.8	3.6	0	28.7	0	0	15.3483871			
2020-5	15.5	0	0	0	0	0	0	16.5	5.3	0	0	0	0	0	0	2.5	8.9	0	0	0	0	0	22.9	0	0	5.1	0	6.4	0	0	0	2.680645161			
2020-6	0	0	0	0	0	0	0	0	0	0	0	0	0	0	0	0	0	0	0	0	0	0	6.4	0	0	0	0	0	0	3.8	0	0.329032258			
2020-7	0	0	0	0	0	9.9	0	0	0	0	0	0	2.3	0	0	0	0	0	0	12.7	0	0.5	0	0	0	0	0	0	0	0	0	0.819354839			
2020-8	0	0	0	0	0	0	35.1	0	0	0	35.6	0	0	0	0	0	0	0	0	0	0	0	0	0	0.8	0	0	0	0	0	0	2.306451613			
2020-9	0	0	0	0	0	0	3.3	0	0	2.5	0	0	91.4	0	0	0	0	3.8	0	0	0	0	0	0	0	0	0	0	0	0	0	3.258064516			
2020-10	0	0	0	7.6	0	0	0	0	0	0	0	16.8	5.3	74.4	0	0	0	0	0	8.1	12.7	0	0	12.7	12.7	12.5	74.2	45.7	0	0	6.9	9.341935484			
2020-11	9.9	61.5	8.1	6.6	3.6	42.9	15	3.3	5.1	11.4	46.7	2.5	25.4	2.5	0	0	25.4	35.1	61	2.3	1.5	0	0	36.1	0	0	0	0	0	0	0	13.09354839			
2020-12	0	0	0	0	0	0	20.3	47.5	8.9	0	0	7.6	0	0	0	0	0	0	0	0	20.3	3.8	0	0	6.4	0	0	0	16.5	0	0	4.235483871			
