 STATION NAME : BUTTALA HOSPITAL        
  LAT:  6.75N    LON: 81.23E    ELEV: ******M
  ELEMENT : Precip, daily    in Millimeters         
  Data Format : Year-Month followed by the values for 1st, 2nd, .... ,31st day of the month
  in the format (I4,-,I2,31(F6.1,1A,2X))
  where each value is followed by a single character flag.  Flag = M for missing, Flag = T for trace rainfall etc.
 
  Missing data values are coded as -9.9M 
  Isuued by the Department of Meteorology, Colombo, Sri Lanka
================================================================================
 
  2004- 8    .0       .0       .0       .0       .0       .0       .0       .0       .0     14.9       .0       .0       .0       .0       .0       .0      3.0       .0       .0       .2       .0       .0      1.4       .0       .0       .0       .0       .0       .0       .0       .0 
 
 
 
 
 
 



  STATION NAME : BIBILE DISPENSARY       
  LAT:  7.17N    LON: 81.23E    ELEV:  251.7M
  ELEMENT : Precip, daily    in Millimeters         
  Data Format : Year-Month followed by the values for 1st, 2nd, .... ,31st day of the month
  in the format (I4,-,I2,31(F6.1,1A,2X))
  where each value is followed by a single character flag.  Flag = M for missing, Flag = T for trace rainfall etc.
 
  Missing data values are coded as -9.9M 
  Isuued by the Department of Meteorology, Colombo, Sri Lanka
================================================================================
 
  1999- 2    .0       .0       .0     16.2     18.0       .0       .0       .0       .0       .0       .0     14.3       .0      9.7       .0       .0     15.6     12.7       .0       .0       .0       .0      2.0     12.5     23.0       .0       .0     25.1     -9.9M    -9.9M    -9.9M
  1999- 3    .0       .0       .0       .0       .0      6.7       .0       .0       .0       .0       .0       .0      2.3       .0       .0       .0       .0       .0       .0       .0       .0     30.5       .0       .0       .0       .0       .0       .0       .0       .0       .0 
  1999- 4    .0       .0       .7       .0     83.4       .0     26.6     17.2     42.5     11.7       .0       .0       .0       .0       .0       .0       .0       .0       .0       .0      2.9       .0       .0       .0       .0       .0       .0       .0       .0       .0     -9.9M
  1999- 5    .0       .0       .0       .0       .0       .0       .0       .0       .0       .0       .0       .0      5.2       .0       .0      7.3     20.2       .0       .0       .0       .0       .0       .0       .0       .0       .0       .2       .0       .0       .0       .0 
  1999- 6    .0       .0       .5       .0       .0      5.5       .0       .0       .0       .0       .0       .0       .0       .0       .0       .0       .0       .0       .0       .0       .0       .0       .0       .0       .0       .0       .0      5.9       .0       .0     -9.9M
  1999- 7    .0       .0       .0       .0       .0       .0       .0       .0     10.5       .0       .0       .0       .0       .0       .0       .0       .0       .0       .0       .0       .0       .0       .0       .0       .0       .0       .0       .0       .0       .0       .0 
  1999- 8    .0       .0       .0       .0       .0       .0       .0       .0       .0       .0       .0       .0       .0       .0       .0      2.3      6.7       .0       .0       .0       .0       .0       .0       .0       .0       .0       .0       .0       .0       .0       .0 
  1999- 9    .0       .0       .0       .0       .0       .0       .0       .0       .0       .0       .0       .0       .0       .0       .0       .0       .0       .0       .0       .0     25.5       .0       .0     10.0       .0       .0     10.0      3.5     11.4     17.5     -9.9M
  1999-10    .0     44.7       .0     10.9     61.7      2.6     55.2      1.9      3.2       .0       .0      7.2       .0       .0     15.2       .0       .0       .0       .0       .0       .0       .0       .0      4.2       .0       .0     49.3       .0       .0       .0       .0 
  1999-11    .0       .0       .0       .0       .0       .0     10.3     50.4     33.2     20.0       .0       .0       .0       .0     14.2       .2       .0     13.8     69.2      7.0       .0       .0      5.2      6.2      6.2      4.5      6.5      9.0     10.2     40.0     -9.9M
  1999-12  25.0     26.2     35.4       .0       .0       .0       .0       .0       .0       .0       .0       .0       .0       .0       .0      2.3     30.2     32.3       .4       .0       .0       .0       .0       .0     12.2     40.3       .0       .0       .0       .0       .0 
  2000- 1    .0       .0      7.2     10.5     60.0     80.0     13.4      3.2     10.3     33.1      8.6     10.2     23.1      6.3     31.8     11.5     23.2       .0       .0       .0       .0       .0       .0       .0       .0       .0       .0      9.7     40.4     25.4      5.1 
  2000- 2    .0     10.4     30.2     60.5     25.2     10.1       .0       .0       .0       .0       .0       .0       .0       .0     10.2       .0       .0     12.1       .0       .0       .0     10.2       .0       .0       .0       .0       .0       .0       .0     -9.9M    -9.9M
  2000- 3    .0       .0       .0       .0       .0       .9     10.0     27.5       .0       .0       .0       .0       .0       .0       .0       .0       .0       .0       .0       .0       .0       .0       .0     12.4     20.5       .0       .0     12.4      3.2       .0       .0 
  2000- 4    .0       .0       .0     12.0       .0       .0       .0       .0       .0       .0       .0       .0       .0       .0       .0       .0       .0     10.2       .0       .0      5.2       .0       .0      8.5       .0       .0       .0       .0       .0       .0     -9.9M
  2000- 5    .0       .0      4.5      5.9      5.2      2.5      1.3       .0       .0     15.5     35.5       .0       .0       .0       .0       .0       .0       .0       .0       .0       .0       .0     12.5     28.2       .0       .0       .0       .0       .0       .0       .0 
  2000- 6    .0       .0       .0       .0       .0      5.0       .0       .0       .0       .0       .0       .0       .0       .0       .0       .0       .0       .0       .0       .0       .0       .0       .0     10.3     25.5       .0       .0       .0       .0       .0     -9.9M
  2000- 7    .0       .0       .0       .0       .0       .0       .0       .0       .0       .0       .0       .0       .0       .0       .0       .0       .0       .0       .0      8.2       .0       .0       .0       .0       .0       .0       .0      5.0       .0       .0     20.0 
  2000- 8   5.0       .0      8.0     12.5     10.6       .0       .0       .0       .0     10.5     20.2       .0      8.6     10.8     20.5       .0       .0       .0       .0       .0       .0       .0       .0       .0       .0       .0       .0       .0       .0       .0       .0 
  2000- 9    .0       .0       .0       .0       .0       .0     47.2       .0       .0       .0       .0       .0       .0       .0       .0     40.2     10.3       .0       .0       .0       .0       .0       .0       .0       .0       .0       .0     25.2     30.5       .0     -9.9M
  2000-10    .0       .0       .0       .0     19.5       .0       .0       .0       .0       .0       .0       .0       .0       .0       .0       .0       .0       .0       .0       .0       .0       .0       .0       .0       .0     10.4       .0       .0       .0       .0       .0 
  2000-11    .0       .0       .0       .0       .0     20.0       .0     20.0     25.0     14.9     44.8     10.5     40.8       .0       .0       .0     15.8     87.7    110.8     47.6       .0       .0     25.9       .0     30.2       .0       .0       .0       .0       .0     -9.9M
  2000-12    .0       .0       .0      8.9       .0       .0       .0     12.8     10.5     20.1       .0       .0       .0       .0       .0       .0     10.0     40.2     12.7       .0       .0     20.0     10.5     20.7       .0     10.5     15.0       .0       .0       .0       .0 
  2001- 1    .0       .0       .0      5.5      4.2       .0       .0       .0      8.0      5.0      3.0     10.5       .0       .0       .0       .0       .0     25.2     10.5     25.7     18.5     28.6     10.0      8.0       .0      5.0       .0       .0      5.0     65.5     60.0 
  2001- 2  25.5     15.2       .0       .0       .0       .0       .0       .0       .0       .0       .0       .0       .0       .0       .0       .0       .0     10.2      8.5       .0       .0       .0       .0       .0       .0       .0       .0       .0     -9.9M    -9.9M    -9.9M
  2001- 3    .0       .0       .0       .0       .0       .0       .0       .0       .0       .0       .0       .0       .0       .0       .0       .0       .0       .0       .0       .0       .0       .0       .0       .0       .0       .0       .0       .0       .0       .0       .0 
  2001- 4    .0       .0      8.5       .0       .0       .0     10.0       .0       .0       .0       .0     16.2       .0     14.0     12.2     10.3      7.2     19.8     11.8     15.7     14.5       .0       .0      8.7     11.9       .0     10.2       .0     18.9     25.9     -9.9M
  2001- 5    .0       .0       .0       .0       .0       .0      8.2       .0       .0       .0       .0       .0       .0       .0      7.2       .0       .0       .0       .0       .0       .0       .0       .0     10.7       .0       .0       .0       .0     10.2       .0       .0 
  2001- 7    .0       .0       .0       .0       .0       .0       .0       .0       .0       .0       .0       .0       .0       .0       .0       .0       .0       .0       .0       .0      5.2       .0       .0       .0       .0       .0       .0      6.2      4.3       .0       .0 
  2002- 1   9.0     11.0     18.0     18.0      6.0      8.0      9.0       .0     10.0      5.0      9.0     24.0       .0       .0       .0       .0       .0       .0       .0       .0     15.0       .0       .0       .0       .0       .0       .0       .0       .0     11.0     59.0 
  2002- 2  41.0     15.0       .0     47.0       .0       .0       .0       .0       .0     12.0     20.0      8.0       .0     16.0       .0       .0       .0       .0       .0       .0       .0       .0       .0     28.0       .0       .0       .0       .0     -9.9M    -9.9M    -9.9M
  2002- 4    .0       .0       .0       .0       .0     12.0     41.0     15.0     20.0      8.0     16.0     28.0     40.0     30.0     17.0     25.0     22.0     11.0     14.0     19.0     55.0     43.0       .0       .0       .0     15.0     48.0     36.0     27.0     29.0     -9.9M
  2002- 6    .0       .0      6.0       .0      4.0       .0       .0       .0       .0       .0       .0       .0       .0       .0       .0       .0       .0       .0       .0       .0       .0       .0       .0       .0       .0       .0       .0       .0       .0       .0     -9.9M
  2002- 7    .0       .0       .0       .0       .0       .0       .0       .0       .0       .0      5.0       .0       .0       .0       .0       .0       .0       .0       .0       .0       .0       .0       .0       .0       .0       .0       .0       .0       .0       .0       .0 
  2002- 8    .0       .0       .0       .0       .0       .0       .0       .0       .0       .0       .0       .0       .0       .0       .0       .0       .0       .0       .0       .0       .0       .0       .0      5.0     12.0      9.0     32.0       .0       .0       .0       .0 
  2002- 9    .0       .0       .0       .0       .0       .0       .0       .0       .0       .0       .0       .0       .0       .0       .0       .0       .0       .0       .0       .0       .0       .0      7.0      9.0       .0       .0       .0       .0      8.0       .0     -9.9M
  2003- 1  10.0     14.0     30.0     19.0     34.0     22.0     28.0     44.0     10.0     18.0     23.0     13.0     28.0     15.0     55.0     50.0     19.0       .0       .0     48.0     30.0     28.0     34.0       .0       .0       .0       .0       .0       .0       .0       .0 
 








 STATION NAME : OKKAMPITIYA             
  LAT:  6.75N    LON: 81.30E    ELEV: ******M
  ELEMENT : Precip, daily    in Millimeters         
  Data Format : Year-Month followed by the values for 1st, 2nd, .... ,31st day of the month
  in the format (I4,-,I2,31(F6.1,1A,2X))
  where each value is followed by a single character flag.  Flag = M for missing, Flag = T for trace rainfall etc.
 
  Missing data values are coded as -9.9M 
  Isuued by the Department of Meteorology, Colombo, Sri Lanka
================================================================================
 
  1999- 1    .0       .0     26.5     75.5       .0       .0     35.2       .0       .0       .0       .0       .0       .0       .0       .0       .0       .0       .0       .0     10.0     27.0       .0       .0       .0       .0       .0       .0       .0       .0       .0       .0 
  1999- 2  20.4       .0       .0     15.2       .0       .0       .0       .0       .0       .0       .0       .0       .0       .0       .0       .0     22.5     23.0       .0       .0       .0       .0       .0      4.5       .0       .0       .0       .0     -9.9M    -9.9M    -9.9M
  1999- 3    .0       .0       .0       .0       .0       .0       .0       .0       .0       .0       .0       .0       .0     35.0       .0       .0       .0      9.0       .0       .0       .0       .0       .0       .0       .0       .0       .0       .0     10.0     10.0       .0 
  1999- 4  12.0     10.2     16.0     13.0       .0      4.2      5.2     10.0      1.7       .5       .0       .0       .0       .0       .0       .0       .0      2.5       .0       .0       .0       .0       .0       .0       .0       .0       .0       .0       .0       .0     -9.9M
  1999- 5    .0       .0       .0       .0       .0       .0       .0       .0       .0       .0       .0       .0      3.0       .0       .0       .0     19.0      3.5       .0     14.5       .0       .0       .0       .0       .0       .0       .0       .0       .0       .0       .0 
  1999- 6    .0       .0       .0       .0       .0       .0       .0       .0      2.8       .0       .0       .0       .0       .0       .0       .0       .0       .0       .0       .0       .0       .0       .0       .0       .0       .0       .0       .0     14.5       .0     -9.9M
  1999- 7    .0       .0       .0       .0       .0       .0       .0       .0      2.5       .0       .0       .0       .0       .0       .0       .0       .0       .0       .0       .0       .0       .0       .0       .0       .0       .0       .0       .0       .0      1.5     21.5 
  1999- 8    .0       .0       .0       .0       .0       .0       .0       .0       .0       .0       .0       .0       .0       .0       .0       .0       .0       .0       .0       .0       .0       .0       .0       .0       .0       .0       .0       .0       .0       .0       .0 
  1999- 9    .0       .0       .0       .0       .0       .0       .0       .0       .0       .0       .0       .0       .0       .0       .0       .0       .0       .0     45.5       .0     28.0     16.5      6.5       .0       .0       .0      8.5     12.5       .0      3.5     -9.9M
  1999-10  11.5     15.2     12.0      3.5       .5       .5       .0     17.5       .0      8.5     32.5       .0       .0     32.5       .0       .0       .0       .0       .0       .0      5.5       .0       .0       .0     32.6       .0       .0       .0       .0       .0       .0 
  1999-11    .0       .0       .0       .0      5.5       .0     17.5     18.5      6.5       .0       .0       .0       .0       .0       .0      2.5      2.3      4.5     75.4      1.5     30.0     13.0      5.4       .0       .0       .0      6.5       .5       .5     73.2     -9.9M
  1999-12  10.5       .5       .0       .0       .0       .0       .0       .0       .0       .0       .0       .0       .0       .0       .0       .0     15.0       .5       .0       .0       .0       .0       .0       .0       .0       .0       .0       .0       .0       .0       .0 
  2000- 1    .0       .0       .5       .0      7.5     28.5      3.5      5.0     22.5      3.5       .0       .0     17.0     20.0       .0     18.6       .0       .0       .0       .0       .0       .0       .0       .0       .0       .0       .0      3.5       .0     16.5       .0 
  2000- 2  20.5     20.3     37.4     40.5       .0      8.5      3.5       .0       .0       .0       .0       .0       .0      3.5       .0       .0       .0      2.6      3.4      6.0     62.5     38.2       .0       .0       .0       .0     24.3      3.6      8.1     -9.9M    -9.9M
  2000- 3   1.6      1.0      1.0      3.0      2.0       .0     32.5       .0     65.5       .0       .0       .0       .0       .0     23.4       .0       .0       .0       .0       .0       .0       .0      3.5     28.5     20.5      6.5       .0       .0       .0       .0       .0 
  2000- 4    .0       .0     59.0      2.0     24.4       .0      2.5       .9       .3       .0       .0       .0       .0       .0       .0       .0       .0       .0       .0       .0       .0     19.0      3.5       .0       .0       .0       .0       .0       .0       .0     -9.9M
  2000- 5    .0     37.5     44.5       .0       .0       .0       .0       .0       .0      8.5       .0       .0       .0       .0       .0       .0       .0       .0       .0       .0       .0       .0       .0       .0       .0       .0       .0       .0       .0       .3       .0 
  2000- 6    .0       .0       .0       .0       .0       .0       .0       .0       .0       .0       .0       .0       .0       .0       .0       .0       .0       .0       .0       .0       .0       .0      5.5      6.0     10.0       .5       .0       .0       .0       .0     -9.9M
  2000- 7    .0       .0       .0       .0       .0       .0       .0       .0       .0       .0       .0       .0       .0       .0       .0       .0       .0       .0       .0       .0       .0       .0       .0       .0       .0       .0       .0     21.5       .5       .0      3.2 
  2000- 8   2.5       .5       .0       .0      1.5      2.5       .0       .0       .0       .0       .0       .0       .0       .0       .0       .0       .0       .0       .0       .0       .0       .0       .0      1.5       .0       .0       .0       .0       .0       .0       .0 
  2000- 9    .0       .0       .0       .0       .0       .0       .0       .0       .0       .0       .0       .0       .0       .0       .0       .0     24.0       .2       .0       .0       .0       .0     33.0     20.0       .0       .0       .0     46.2       .0      3.0     -9.9M
  2000-10    .5       .0     13.0      3.7       .0       .0       .0       .0       .0       .0       .0      1.0       .5       .0      1.0      4.5     16.0       .0      4.5     49.0       .0       .0       .0       .0     15.0       .0       .0       .0     15.0      8.8       .0 
  2000-11  11.3       .0      4.4       .0      1.5       .2      4.1       .3       .0       .0      2.5     50.5       .0       .0       .0       .0     52.5     66.0     85.0      1.0       .0       .0      5.0       .0       .0       .0       .0       .0       .0       .0     -9.9M
  2000-12    .0       .0       .0      4.2       .0       .0       .0      9.3     18.5       .0       .0       .0       .0       .0       .0       .0     18.0       .0       .0       .0       .0       .0       .0       .0      7.8      1.8       .0       .0       .0       .0       .0 
  2001- 1    .0       .0       .0       .0       .0       .0       .0       .0       .0     21.0     14.3       .0       .0       .0       .0       .0     12.3      8.1      2.0       .0      5.0       .5      2.7       .0       .0      6.8       .0       .0     80.2       .0      7.5 
  2001- 2  72.3      4.5      2.4     20.1       .0       .0       .0       .0       .0       .0       .0       .0       .0       .0       .0       .0       .0       .0       .0       .0       .0       .0       .0       .0       .0       .0       .0       .0     -9.9M    -9.9M    -9.9M
  2001- 3    .0       .0       .0       .0       .0       .0       .0       .0       .0       .0       .0       .0       .0       .0       .0       .0       .0       .0      5.4     39.5      4.2       .0       .0       .0     12.0       .0     10.5      3.0      1.5      2.1     37.0 
  2001- 4   3.5       .0      4.2       .0       .0      5.8     32.0     10.2     20.0     19.0     56.0     40.0     35.0     44.0     24.2     16.4       .0     21.5       .0       .0       .0       .0       .0       .0       .0      6.0       .0      4.5       .0       .0     -9.9M
  2001- 5    .0       .0       .0       .0       .0       .0       .0       .0       .0       .0       .0       .0       .0       .0       .0       .0       .0       .0       .0       .0       .0     33.0       .0       .0       .0       .0       .0      8.3       .0     12.4      8.0 
  2001- 6    .0      7.0      2.0       .0       .0       .0       .0       .0       .0       .0       .0       .0       .0       .0       .0       .0       .0       .0       .0       .0       .0       .0       .0       .0       .0       .0       .0       .0       .0       .0     -9.9M
  2001- 7    .0       .0       .0       .0       .0       .0       .0       .0       .0       .0     27.0       .0       .0       .0       .0       .0       .0       .0       .0       .0       .0       .0      3.7       .0     25.2       .0       .0       .5       .9       .0       .0 
  2001- 8    .0       .0       .0       .0       .0       .0       .0       .0       .0       .0       .0       .0       .0       .0       .0       .0       .0       .0       .0       .0       .0       .0       .0       .0     41.6       .0       .0       .0       .0       .0       .0 
  2001- 9    .0       .0       .0       .0       .0       .0       .0       .0       .0      6.4       .0      2.6       .0       .0       .0     13.6       .4       .0      1.3       .0       .0       .0       .0       .5      1.0       .0       .0       .5       .0       .0     -9.9M
  2001-10    .0      5.0     20.7     11.2       .0       .0       .0       .0       .0     14.8       .0       .0     20.5     42.4       .0       .0     19.1       .7       .0      7.3     36.3      1.4       .0     46.2      1.1       .0       .0      1.2     15.9      2.5      7.1 
  2001-11    .0     29.3     11.3       .0     20.5     42.3       .0       .0      3.3       .0       .0       .0     20.5     20.0     13.6    124.2       .0      3.6       .0       .0       .0      9.3      7.4       .0       .0       .0       .0       .0       .0       .0     -9.9M
  2001-12    .0       .0       .0      5.4       .0       .0       .0       .0       .0       .0       .0       .0       .0       .0       .0       .0       .0     20.7      9.1     10.7     33.1     41.2     20.1       .0      1.1       .0       .7      3.5       .0      2.7       .0 
  2002- 1   5.5      5.7      6.1     10.5      1.9       .0       .0       .0       .0       .0      3.4       .0       .0       .0       .0       .0       .0       .0       .0       .8       .0       .0       .0       .0       .0       .0       .0       .0       .0       .0     29.8 
  2002- 2    .0     28.8     25.6     34.1       .0       .0       .0       .0       .0     18.2     40.1       .0       .0       .0       .0       .0       .0       .0       .0       .0       .0       .0       .0       .0       .0       .7      5.0       .0     -9.9M    -9.9M    -9.9M
  2002- 3    .0       .0       .0       .0       .0      2.6      3.8       .0       .0       .0       .0       .0       .0       .0       .0       .0       .0       .0       .0       .0       .0     28.2       .0       .0       .0       .0       .0       .0       .0     41.3       .0 
  2002- 4   1.5      2.5       .5       .0     20.8       .0       .0       .0       .0       .0     13.8     16.2      2.6       .0      3.0     26.8       .0      5.7      3.1       .4       .5       .7     21.4     17.1      1.8      1.3     13.6      1.7       .0     10.1     -9.9M
  2002- 5   8.7     31.5     13.8       .0      6.7      2.7       .0       .0       .0       .0       .0       .0       .0       .0       .0       .0       .0       .0       .0       .0       .0       .0       .0       .0       .0       .0       .0       .0       .0       .0       .0 
  2002- 6    .0       .0       .0       .0       .0       .0       .0       .0     32.4      3.8       .0       .0       .0       .0       .0       .0       .0       .0       .0       .0       .0       .0       .0       .0       .0       .0       .0       .0       .0       .0     -9.9M
  2002- 7    .0       .0       .0       .0       .0       .0       .0       .0       .0       .0       .0       .0       .0       .0       .0       .0       .0       .0       .0       .0       .0       .0       .0       .0       .0       .0       .0       .0       .0       .0       .0 
  2002- 8    .0       .0       .0     -9.9M      .0       .0       .0       .0       .0       .0       .0       .0       .0       .0       .0       .0       .0       .0       .0       .0       .0       .0       .0     30.0      4.0      1.0       .4     11.1       .0       .0       .0 
  2002- 9    .0       .0       .0       .0       .0       .0       .0       .0       .0       .0       .0       .0       .0       .0       .0       .0       .0       .0       .0       .0       .0       .0       .0       .0       .0     17.7     21.8      8.5     13.0     35.1     -9.9M
  2002-10    .0       .0     11.1       .0       .0       .0      1.2     15.2       .0       .0       .0       .0     20.8       .0       .0     66.7       .0       .0       .0     20.5       .0       .0       .0       .0       .0      5.0     17.5      1.2     64.3     18.5      8.3 
  2002-11   9.4     65.3       .0      3.1     27.1     17.2     38.7      3.5     20.2     11.3       .0       .0      5.2       .0       .0       .0     18.2     33.1       .0      3.9     34.8     22.5       .0      3.2     12.6       .0       .0       .0       .0       .0     -9.9M
  2002-12    .0       .0       .0       .0       .0     14.1      8.5      3.4     13.1      3.0      7.5     19.5      4.3      6.1      7.2     26.5      5.9     25.8     20.1      1.4      2.0      2.1     12.4      2.5       .0       .0       .0       .0       .0       .0       .0 
  2003- 1    .0       .0       .0       .0     11.2       .0       .0       .0       .0     13.1       .0       .0       .0       .0     48.5       .0       .0      2.4      5.5      3.5     17.6       .0       .0       .0       .0       .0       .0       .0       .0       .0       .0 
  2003- 2    .0       .4       .0       .0      3.8       .0       .0       .0       .0      5.1     15.8     24.7       .0       .0       .0       .0       .0       .0       .0       .0       .0       .0       .0       .0       .0       .0       .0       .0     -9.9M    -9.9M    -9.9M
  2003- 3    .0       .0       .0       .0       .0       .0       .0       .0       .0       .0     25.3     12.2     12.0      9.8      5.1      1.8      5.7     10.2      3.5     74.2      1.2       .0       .0      6.1      3.1       .0     21.1      6.6       .0       .0       .0 
  2003- 4    .0       .0       .0       .0       .0       .0     14.0     10.4      6.2      8.1       .0       .0       .0      5.6      8.5       .0       .0      1.5      8.4       .0     20.4     27.6       .0       .0       .0      8.1     26.8     12.8       .0       .0     -9.9M
  2003- 5  -9.9M     2.0     28.2      6.6     26.8       .0       .0       .0       .0      1.3       .0       .0       .0       .0       .0       .0       .0       .0       .0       .0       .0       .0       .0       .0       .0       .0       .0       .0       .0       .0       .0 
  2003- 6    .0       .0       .0       .0       .0       .0       .0       .0       .0       .0       .0       .0       .0       .0       .0       .0       .0       .0       .0       .0       .0       .0       .0       .0       .0       .0      4.2       .0      1.6       .0     -9.9M
  2003- 7    .0       .0       .0       .0       .0       .0       .0      4.1       .0       .0       .0       .0       .0       .0       .0       .0       .0       .0       .0       .0       .0       .0       .0       .0       .0       .0       .0     13.1       .5       .0       .0 
  2003- 9    .0       .0      8.6     10.1       .0       .0       .0       .0       .0       .0       .0       .0       .0       .0       .0       .0      4.8     35.4       .0       .0       .0       .0     48.1       .0       .0      3.1     31.5       .0      5.5     31.4     -9.9M
  2003-10    .0       .0       .0       .0       .0       .0       .0       .0       .0       .0       .0       .0     11.9     20.0       .0       .0       .0       .0       .0       .0       .0       .0       .0       .0       .0     99.2       .0       .0       .0       .0     17.7 
  2003-11    .0      3.9    104.1     38.2      5.2     13.2     20.5     15.3     10.2       .0      5.6      5.4       .0    113.7       .0     37.0     66.9       .0       .0      4.6       .0       .0     66.2       .0       .0       .0       .0       .0     95.2      7.2     -9.9M
  2003-12    .0       .0       .0       .0      9.5       .0       .0       .0       .0       .0       .0       .0       .0       .0       .0       .0       .0       .0       .0       .0       .0       .0       .0       .0       .0       .0       .0       .0       .0       .0       .0 
  2004- 1    .0       .0       .0       .0       .0       .0       .0       .0     27.6     12.3      2.2       .0       .0       .0       .0       .0       .0       .0       .0       .0       .0       .0       .0      2.5      5.1     14.2       .0       .0       .0       .0       .0 
  2004- 2    .0       .0       .0       .0       .0       .0       .0     34.8       .0       .0       .0       .0       .0       .0       .0       .0       .0       .0       .0       .0       .0     12.2     23.9       .0       .0       .0      5.0     12.5       .0     -9.9M    -9.9M
  2004- 3    .0       .0       .0       .0       .0       .0       .0     13.5       .0     14.5      5.2       .0       .0       .0      2.0     23.3       .0       .0       .0       .0       .0       .0       .0      9.6       .0     68.5       .0       .0       .0       .0       .0 
  2004- 4    .0      6.2       .0       .0       .0       .0       .0       .0      1.8       .0       .0       .0       .0      1.2       .0     14.5       .0       .0     11.7       .0       .0       .0     45.5       .0       .0     46.7       .0       .0       .0       .0     -9.9M
  2004- 5    .0       .0       .0       .0       .0       .0       .0       .0       .0      1.4       .0       .0       .0       .0       .0       .0      1.5       .0       .0       .0       .0       .0       .0       .0       .0       .0      1.8       .0       .0       .0       .0 
  2004- 6    .0       .0       .0       .0       .0       .0       .0       .0       .0       .0       .0       .0       .0       .0       .0       .0       .0       .0       .0       .0       .0       .0       .0       .0       .0       .0       .0       .0       .0       .0     -9.9M
  2004- 7    .0       .0       .0       .0       .0     21.6       .0     27.0       .0       .0       .0       .0       .0       .0       .0       .0       .0       .0       .0       .0      2.8       .0       .0       .0       .0       .0       .0       .0       .0       .0       .0 
  2004- 8    .0       .0       .0       .0       .0       .0       .0       .0       .0       .0       .0       .0       .0       .0       .0       .0       .0       .0       .0       .0       .0       .0     28.2       .0      3.3       .0       .0       .0       .0       .0       .8 
  2004- 9    .0       .0       .0       .0      1.5       .0     41.8       .0       .0       .0      1.5     26.2       .0       .0       .0       .0       .0       .0       .0       .0     23.2       .0      1.3      1.2     26.5     20.3     39.5       .0       .0      1.4     -9.9M
  2004-10   9.1       .0       .0       .3       .0     30.2       .0       .0     22.1     17.2     11.6      7.5     10.4     15.5     10.8     30.6     40.2      5.3      2.5      3.2      4.8      5.3     13.2     11.5      8.3      9.5     10.8     50.2     15.5     10.2     20.3 
  2004-11  20.7       .0      2.1      4.5       .0     10.3      8.5     17.9       .0     11.9       .0     20.6     10.3     20.5     30.4       .0       .0      2.5      3.2      6.2      4.3       .0       .0      1.3      8.1     10.2       .0       .0       .0       .0H    -9.9M
  2004-12    .0       .0      9.5       .0      3.8       .0      1.5      2.5      1.3      3.5     30.2     40.2     50.3    138.2     11.3     32.8       .0       .0       .0       .0       .0       .0       .0       .0       .0       .0       .0     30.5       .0       .0     35.6 
  2005- 1    .0       .0       .0       .0       .0       .0       .0       .0       .0       .0       .0       .0       .0       .0       .0       .0     11.5     45.8       .0       .0     12.7     28.2      2.5       .0       .0       .0       .0       .0       .0       .0       .0 
  2005- 2  45.5       .0       .0       .0       .0       .0       .0       .0       .0       .0       .0       .0       .0       .0       .0       .0       .0       .0       .0       .0       .0       .0       .0       .0       .0       .0       .0       .0     -9.9M    -9.9M    -9.9M
  2005- 3    .0       .0       .0       .0      2.8      2.6      2.1      9.5       .0       .0       .0       .0       .0       .0       .0       .0       .0       .0       .0       .0       .0       .0       .6      3.0      8.6       .0       .0       .0       .0      7.6      7.8 
  2005- 4  14.5      8.7     15.3     53.2      2.8      3.3       .0       .0     12.5       .0       .0       .0       .0       .0       .0       .0       .0     16.2      2.3       .0      2.5       .0       .0      6.3       .6     32.5      5.7     34.7      5.4       .0     -9.9M
  2005- 5  44.7     24.5     54.6     23.8      5.7       .0     20.1       .0       .0       .0       .0       .0       .0       .0       .0       .0       .0       .0       .0       .0       .0       .0       .0       .0       .0       .0       .0       .0       .0       .0       .0 
  2005- 6    .0       .0       .0       .0       .0       .0       .0       .0       .0       .0       .0       .0       .0       .0       .0       .0       .0       .0       .0       .0       .0       .0       .0       .0       .0       .0       .0       .0       .0       .0     -9.9M
  2005- 7    .0       .0       .0       .0       .0       .0       .0       .0       .0       .0       .0       .0       .0     46.2     36.8      2.8      3.5       .0       .0       .0       .0       .0       .0       .0       .0       .0       .0       .0       .0       .0       .0 
  2005- 8    .0       .0       .0       .0       .0       .0       .0      8.2       .0       .0       .0     12.2       .0       .0       .0       .0       .0       .0       .0       .0     14.1       .0       .0       .0       .0       .0       .0       .0      2.7     15.8      3.2 
  2005- 9   5.7       .0       .0       .0       .0       .0       .0       .0       .0       .0       .0       .0       .0       .0       .0       .0       .0       .0       .0       .0       .0       .0       .0       .0       .0       .0       .0       .0       .0       .0     -9.9M
  2005-10    .0       .0       .0       .0     39.5       .0     13.0     18.0     37.0       .0       .0       .0       .0       .0       .0     42.2       .0      3.4      1.7       .0       .0     35.8       .0       .0     18.4       .0       .0       .0       .0       .0       .0 
  2005-11    .0       .0     43.5     25.1     50.5     35.2      4.8      1.3      5.7       .0       .0       .0       .0     25.0       .0       .0       .0      1.2       .0       .0      8.7       .0       .0       .0       .0       .0     55.0     48.7     10.8       .0     -9.9M
  2005-12    .0     36.8       .0      7.8     18.5     15.2       .0       .0     19.4       .0     39.3      7.3       .0       .0       .0       .0       .0       .0       .0       .0       .0       .0       .0       .0       .0       .0       .0       .0       .0       .0       .0 
  2006- 1    .0       .0       .0      1.2      4.1      6.2      2.3     15.5     33.0     25.1     30.2     15.3     25.5     27.2       .0       .0       .0       .0       .0       .0       .0       .0       .0       .0       .0       .0       .0       .0       .0       .0       .0 
  2006- 2    .0       .0       .0     51.8       .0       .0       .0       .0     18.8       .0       .0       .0       .0       .0       .0       .0      3.2       .0       .0       .0       .0       .0       .0       .0       .0       .0       .0      2.4     -9.9M    -9.9M    -9.9M
  2006- 3   3.0      3.8      3.2       .0      1.2      1.5      1.8       .0      3.1     12.1       .0       .0       .0       .0       .0       .0       .0       .0       .0       .0       .0      5.5       .0       .0       .0       .0       .0       .0       .0       .0       .0 
  2006- 4    .0      1.8       .0     32.0       .0     15.3       .0       .0     34.5       .0       .0     49.9     14.7       .0     26.0     58.0       .0      3.0     18.7     38.0      2.8       .0      2.2       .0       .0       .0       .0       .0       .0       .0     -9.9M
  2006- 5    .0       .0      4.5     11.7       .0       .0       .0       .0       .0       .0       .0       .0      1.2       .0       .0       .0       .0       .0       .0       .0       .0       .0       .0       .0       .0       .0       .0       .0       .0       .0       .0 
  2006- 6    .0       .0       .0       .0       .0       .0       .0       .0       .0       .0       .0       .0       .0       .0       .0       .0     26.8       .0       .0       .2       .1       .0       .0       .0       .0       .0       .0       .0       .0       .0     -9.9M
  2006- 7    .0       .0       .0       .0       .0       .0       .0       .0       .0       .0       .0       .0       .0       .0       .0       .0       .0       .0       .0       .0     25.4       .0       .0       .0       .0       .0       .0       .0       .0       .0       .0 
  2006- 8    .0       .0       .0       .0       .2       .0       .0       .0       .0       .0       .0       .3       .0       .0       .0       .0       .0       .0       .0       .0       .0       .0       .0       .0       .0       .0       .0       .0       .0       .0       .0 
  2006- 9  28.9       .0       .0       .0       .0     66.8       .0       .0       .0       .0       .0       .0       .0       .0       .0       .0       .0       .0       .0       .0       .0       .0       .0       .0       .0       .0       .0       .0       .0       .0     -9.9M
  2006-10    .0       .0       .0       .0       .0       .0       .0       .0       .0       .0     11.6      9.1       .0     20.2     97.1      6.7     57.5     65.2     38.7     10.2       .0      5.4     11.6     35.8     25.2      5.3      3.1     10.2     20.3      5.8      1.8 
  2006-11   1.5      4.5     30.3      8.7       .0      5.5     13.2     14.5     56.8     25.2     32.5     15.2     70.3     18.8     11.3     42.2     20.8     35.2     28.7     45.8     32.2     28.5       .0       .0       .0       .0       .0       .0      9.2       .0     -9.9M
  2006-12    .0       .0     15.3     46.4       .0      2.5     14.2       .0      4.8     15.2     26.8       .0      1.5      5.2     31.4     38.5       .0      3.2     25.5       .0       .0       .0       .0       .0       .0       .0       .0       .0       .0       .0       .0 
  2007- 1    .0       .0       .0       .0       .0       .0       .0       .0     25.2     45.2     15.0     65.0       .0       .0       .0       .0       .0       .0       .0       .0       .0       .0       .0       .0       .0       .0       .0     12.3      5.1       .0       .0 
  2007- 2    .0       .0       .0       .0       .0       .0       .0       .0       .0       .0       .0      6.5       .0       .0       .0      5.2       .0     65.7       .0       .0       .0       .0      2.5       .0      1.5      1.2       .5       .0     -9.9M    -9.9M    -9.9M
  2007- 3    .0       .0       .0       .5       .2       .0       .0       .0       .0       .0       .0       .0       .0       .0       .0       .0       .0       .0       .0       .0       .0       .0       .0       .0       .0       .0       .0       .0       .0       .0       .0 
  2007- 4    .0       .0       .0     17.1      2.1      1.5     19.5     20.3     30.7     25.1     27.3     12.2     15.6     18.2     20.8     32.3       .0       .0      2.5       .0       .0     41.6       .0      5.2     10.2      8.3     38.0       .0       .0     42.2     -9.9M
  2007- 5    .0      1.5     11.2     20.2     18.5       .0       .0       .0       .0       .0       .0       .0       .0       .0       .0       .0       .0       .0       .0       .0       .0       .0       .0       .0       .0       .0       .0       .0       .0       .0       .0 
  2007- 6    .0       .0       .0       .0       .0       .0       .0       .0       .0       .0       .0       .0     22.1       .5      1.2       .0       .0       .0       .0       .0      2.2       .0       .0      2.6       .0       .0       .0       .0       .0       .0     -9.9M
  2007- 7    .0       .0       .0       .0       .0       .0       .0       .0       .0       .0       .0       .0       .0       .0       .0       .0     10.2       .0       .0       .0     12.0       .0     60.2       .0       .0       .0       .0       .0       .0       .0       .0 
  2007- 8    .0       .0       .0       .0       .0       .0       .0       .0       .0       .0       .0       .0       .0       .0       .0       .0       .0       .0     20.4      4.8       .0     10.5       .0       .0       .0       .0       .0       .0       .0       .0       .0 
  2007- 9    .0       .0       .0       .0       .0       .0     14.5       .0     34.5     11.1     84.5       .0       .0       .0       .0       .0       .0       .0       .0       .0       .0       .0       .0       .0       .0       .0       .0       .0       .0       .0     -9.9M
  2007-10    .0       .0       .0       .0       .0       .0       .0       .0       .0       .0       .0     10.2       .0       .0       .0     30.9     22.7       .0       .0     65.0       .0      3.2      6.1       .0     70.2      6.2       .0      1.5       .0       .0       .0 
  2007-11  65.7     51.0     16.8     76.2      4.1       .0      3.2       .0       .0     21.7       .0       .0       .0       .0       .0       .0       .0       .0       .0       .0     36.5       .0       .0       .0       .0       .0       .0       .0       .0       .0     -9.9M
  2007-12    .0     36.8       .0       .0      2.0      4.2       .0       .0      6.2       .0       .0       .0     38.5       .0     44.5      6.6     60.7      2.0       .0     21.0     27.8      2.3       .0     12.8       .0       .0       .0       .0       .0       .0       .0 
  2008- 1    .0       .0      1.1       .0     10.3     44.2     15.7      3.8      1.2      6.0      9.1     14.3       .0       .0       .0       .0       .0       .0       .0       .0       .0     11.3      5.5       .0       .0     87.5     20.7      4.1       .0       .0       .0 
  2008- 2    .0       .0       .0       .0       .0       .0     10.7       .0       .0       .0       .0      8.0       .0       .0      3.8       .0       .0       .0       .0       .0       .0       .0       .0       .0       .0      2.4       .0      4.2       .0     -9.9M    -9.9M
  2008- 3    .0       .0       .0     33.2       .0     12.5       .0      3.8     20.0       .0       .0       .0       .0       .0     31.7      6.4     12.5      6.5      4.9     11.5       .6       .0       .0      4.5       .4       .0       .0      4.3     38.7       .0       .0 
  2008- 5    .0       .0       .0       .0       .0       .0       .0       .0       .0       .0       .0       .0       .0       .0       .0       .0       .0       .0       .0       .0       .0     16.5       .0       .0      8.3       .0      5.7       .0       .0       .0       .0 
  2008- 6    .0       .0      2.4       .0       .0       .0       .0     20.7      8.0       .0       .0       .0       .0       .0       .0       .0       .0       .0       .0       .0       .0       .0       .0       .0       .0       .0       .0       .0       .0       .0     -9.9M
  2008- 7    .0       .0       .0       .0       .0       .0       .0       .0       .0       .0       .0      2.5       .0       .0       .0       .0       .0       .0       .0       .0       .0       .0       .0       .0       .0       .0       .0       .0       .0       .0       .0 
  2008- 8    .0       .0       .0       .0       .0       .0       .0       .0       .0       .0       .0       .0       .0       .0       .0       .0       .0       .0       .0       .0       .0       .0     10.0      5.5       .0       .0     19.5      9.4       .0      1.7       .0 
  2008- 9    .0       .0      7.2       .0     20.8       .0       .0       .0       .0       .0       .0       .0       .0       .0       .0       .0       .0       .0       .0       .0       .0       .0       .0       .0       .0      7.6       .0       .0       .0     16.5     -9.9M
  2008-10    .0     26.5     12.7      9.5       .0       .0     14.6      1.2       .0       .0      5.6     28.6     34.8       .0      4.7      5.9      1.1      7.7      1.7     58.2       .0      5.3     10.8       .0       .0       .0       .0       .0      4.3      5.1       .0 
  2008-11    .0       .0       .0       .0       .0       .0       .0     18.0     21.7      7.2       .8       .0     34.8       .0     24.0       .0     29.5       .0     12.3     20.6      3.3       .0     29.8      9.4       .0       .0       .0      7.9       .0      5.7     -9.9M
  2008-12    .0       .0      2.3       .0       .0       .0      2.9       .0       .0       .0      4.8       .0       .0       .0     10.1      3.1      5.5       .8      5.7       .0       .0       .0       .0       .0       .0       .0       .0       .0       .0       .0       .0 
  2009- 1    .0       .0       .0       .0       .0      9.0       .0       .0     17.9       .0       .0       .0       .0      8.4       .0       .0       .0       .0       .0       .0       .0       .0       .0       .0       .7       .0       .9       .0       .0       .0       .0 
  2009- 2    .0       .0       .0       .0       .0       .0       .0       .0       .0       .0      5.6      3.7       .0       .0       .0       .0       .0       .0       .0       .0       .0       .0       .0       .0       .0       .0       .0       .0     -9.9M    -9.9M    -9.9M
  2009- 3    .0       .0       .0       .0       .0       .0       .0     40.5      1.8      4.9      1.7       .0     21.6       .0       .0       .0       .0       .0     15.3     10.5     14.2       .8       .0      6.8     15.8      1.4     12.9       .0      6.1       .8       .0 
  2009- 4    .0       .0       .0      3.2       .0       .0     12.7     13.0     11.5     13.2     33.4       .0      7.3       .0       .0       .0       .0       .0       .0       .0       .0       .0       .0       .0       .0       .0       .0      8.4       .0       .0     -9.9M
  2009- 5    .0       .0       .0       .0     33.0     14.1       .0       .0       .0       .0       .0       .0       .0       .0       .0       .0       .0      3.3       .0       .0       .0      9.4       .0      4.5       .0       .0       .0       .0       .0      1.6       .0 
  2009- 6    .0       .0       .0       .0       .0       .0       .0       .0       .0       .0       .0       .0       .0       .0       .0       .0       .0       .0       .0       .0       .0       .0       .0       .0       .0       .0       .0       .0       .0       .0     -9.9M
  2009- 7    .0       .0       .0       .0       .0       .0       .0       .0       .0       .0       .0       .0       .0       .0       .0       .0       .0       .0       .0       .0       .0       .0     14.3       .0       .0       .0       .0       .0       .0       .0       .0 
  2009- 8    .0       .0       .0       .0       .0       .0       .0       .0       .0       .0     28.4      4.0       .0       .0     15.5     24.3     26.6     19.7     13.0       .0       .0       .0       .0       .0       .0       .0       .0       .0       .0       .0       .0 
  2009- 9    .0       .0       .0       .0       .0       .0       .0       .0       .0       .0       .0       .0       .2       .0       .0       .0       .0       .0       .0       .0       .0       .0       .0       .0       .0       .0       .0       .0       .0       .0     -9.9M
  2009-10    .0       .0       .0       .0       .0       .0       .0       .0       .0      2.2      1.6     19.3       .0     49.0       .0       .0       .0       .0       .0     38.9       .0      1.4       .0      2.9       .0       .0     42.9      2.8     16.1       .0     28.0 
  2009-11   1.9     39.8     14.2     13.0     12.7      2.6       .0     32.9     11.4       .0       .0     13.4      2.6     40.2     11.5       .0      6.3     34.3     21.0     12.2      6.7      3.1      2.1      2.7      1.6       .0       .0       .0     22.1     75.5     -9.9M
  2009-12    .0     22.0       .0       .0       .0       .0       .0       .0       .0     12.3      4.2     59.4       .0       .0      3.2       .0     29.1       .0       .0      1.1     37.3     10.0     15.6     18.2      5.1       .0     22.1      5.4       .0       .0       .0 
  2010- 1    .0       .0       .0       .0       .0       .0       .0     36.0      4.6       .0       .0     41.7       .0       .0       .0     42.0       .0       .0       .0       .0       .0       .0       .0       .0       .0       .0      5.9       .0       .0       .0       .0 
  2010- 2    .0       .0       .0       .0       .0       .0       .0       .0       .0       .0       .0       .0       .0       .0       .0     13.5       .0       .0       .0       .0       .0       .0       .0       .0       .0       .0       .0       .0     -9.9M    -9.9M    -9.9M
  2010- 3    .0       .0       .0       .0       .0       .0       .0       .0       .0       .0       .0       .0       .0       .0       .0       .0       .0       .0     10.0       .0       .0       .0       .0       .0       .0       .0     67.0       .0      4.3     17.0       .0 
  2010- 4    .0       .0       .0       .0     19.0       .0       .0       .0       .0       .0       .0       .0       .0       .0       .0       .0     28.0       .0       .0       .0       .0       .8       .0     45.0      2.5       .0       .0     23.0       .0       .0     -9.9M
  2010- 5    .0     56.0       .2       .0       .0     23.0       .0       .0       .0       .0     10.0       .0       .0       .0       .0       .0     27.0       .0       .0       .0       .0       .0       .0       .0       .0       .0       .0       .0       .0       .0       .0 
  2010- 6    .0       .0       .0       .0       .0       .0       .0       .0       .0       .0       .0       .0       .0       .0     49.0       .0       .0       .0       .0       .0       .0       .0       .0       .0       .0       .0       .0       .0       .0       .0     -9.9M
  2010- 7    .0       .0       .0       .0       .0      4.5       .0       .0       .0       .0       .0       .0       .0       .0       .0       .0       .0       .0       .0       .0       .0     29.0       .0       .0       .0       .0       .0       .0       .0       .0       .0 
  2010- 8    .0       .0       .0       .0       .0       .0       .0       .0       .0       .0       .0       .0       .0     14.0       .0       .0       .0       .0     15.5     65.0       .0       .0       .0       .0       .0       .0       .0       .0       .0       .0       .0 
  2010- 9    .0     34.3       .0       .0       .0       .0       .0      8.5     15.6       .0       .0       .0       .0       .0       .0       .0       .0       .0      3.5       .0       .0     51.5       .0       .0       .0       .0       .0     22.0       .0     22.5     -9.9M
  2010-10  15.0     32.0       .0       .0       .0       .0       .0       .0       .0       .0       .0       .0       .0       .0       .0       .0       .0       .0       .0       .0       .0       .0       .0       .0     24.5       .0      9.4       .0    120.5       .0       .0 
  2010-11  12.6       .0     25.5     49.0      9.2       .0       .0       .0      8.5     43.5       .0      8.2       .0       .0       .0     53.0     55.0       .0      8.0       .0       .0     70.0     74.5       .0       .0     57.0       .0       .0       .0       .0     -9.9M
  2010-12  19.0     22.0       .0     28.0       .0       .0       .0       .0       .0       .0     14.0      6.0       .0       .0       .0       .0       .0       .0       .0       .0       .0       .0     49.5       .0       .0       .9       .0       .0       .0     11.1       .0 
  2011- 1    .0       .0       .0       .0       .0     18.2       .0     40.0     48.0     80.0     14.5     24.9       .0      9.9       .0       .0      6.8       .0       .0       .0       .0       .0       .0       .0     13.0      8.5       .0     13.0     12.4      7.3       .0 
 








STATION NAME : WELLAWAYA               
  LAT:  6.73N    LON: 81.10E    ELEV: ******M
  ELEMENT : Precip, daily    in Millimeters         
  Data Format : Year-Month followed by the values for 1st, 2nd, .... ,31st day of the month
  in the format (I4,-,I2,31(F6.1,1A,2X))
  where each value is followed by a single character flag.  Flag = M for missing, Flag = T for trace rainfall etc.
 
  Missing data values are coded as -9.9M 
  Isuued by the Department of Meteorology, Colombo, Sri Lanka
================================================================================
 
  1999- 1   6.0     10.0     24.7      3.6      4.5     24.4       .0       .0       .0       .0       .0       .0       .0       .0       .0     12.5       .0     24.7      1.8     17.7       .0       .0       .0       .0       .0       .0       .0       .0       .0       .0       .0 
  1999- 2  68.6     31.5       .0      2.2       .0     20.1       .0     25.2      5.7       .0       .0       .0       .0       .0       .0       .0       .0     22.0       .0       .0     38.6       .0       .0       .0       .0       .0       .0       .0     -9.9M    -9.9M    -9.9M
  1999- 3    .0       .0       .0       .0       .0       .0       .0       .0     11.4       .0       .0     18.0       .0     85.4       .0      1.6      2.2      8.6       .0       .0      1.7       .0       .0       .0       .0       .0       .0     17.7     43.5     10.0     76.0 
  1999- 4  16.4     52.2      4.1     14.3     23.3     34.6     15.0      3.4      3.0      1.3       .0       .0       .0       .0       .0       .0       .0       .0       .0      3.5       .6       .0       .0       .0       .0       .0       .0       .0       .0       .0     -9.9M
  1999- 5    .0       .0       .0       .0       .0       .0       .0       .0       .0       .0       .0       .0       .0      2.1       .0      1.2     13.1       .0      9.6     33.5       .0       .0       .0       .0       .0       .0       .0      2.3     10.0       .0       .0 
  1999- 6    .0       .0      2.7       .0       .0      8.7       .0       .0       .0       .0      3.1       .0       .0       .0       .0       .0       .0       .0       .0       .0       .7       .0       .0       .0       .0       .0       .0     28.8       .0       .0     -9.9M
  1999- 7    .0       .0       .0       .0       .0       .0       .0       .0       .0       .0       .0       .0       .0       .0       .0       .0       .0       .0       .0       .0       .0       .0       .0       .0       .0       .0       .0       .0       .0       .4       .0 
  1999- 8    .0       .0       .0       .0       .0       .0       .0       .0       .0       .0       .0       .5       .0       .0       .0       .0      1.4       .0       .0       .0       .0       .0       .0       .0       .0       .0       .0       .0       .0       .0       .0 
  1999- 9    .0       .0       .0       .0       .0       .0       .0       .0       .0       .0       .0      4.2       .0       .0       .2       .0       .0       .0     14.2      1.1      8.3       .5       .0      1.1       .0       .8      1.2     16.3       .3       .0     -9.9M
  1999-10   7.8      1.2      2.1      2.8     12.6       .0      4.0       .0      1.0      8.0       .7     29.7       .0      9.9       .0       .0       .0       .0       .0      1.2      1.7       .0       .0     35.6     26.0     24.2     10.3       .0       .0       .0       .0 
  1999-11    .0       .0       .0       .0     34.7     20.0     10.2     30.0     13.7       .0       .0     10.0      5.6       .0       .0     15.8     19.4       .0     48.4     10.0      2.7     33.3     16.0       .0       .3       .0       .5       .0      6.1     22.1     -9.9M
  1999-12  31.9      5.3       .0      1.8       .0       .0      2.1      4.1       .0       .0       .0       .0       .0       .0       .0      4.4       .0       .0       .0       .0       .0       .0      6.3      2.1       .0       .0       .0       .0       .0       .0       .0 
  2000- 1    .0       .0      2.0       .0      6.0       .3       .0     30.0      7.5       .0       .0       .0      6.7     20.0     10.0     25.1       .0       .0       .0       .0       .0       .0       .0       .0       .0       .0       .0     10.0     24.2       .0       .0 
  2000- 2   6.2     27.2     25.0     30.0     12.0      6.0     48.0       .0       .0       .0       .0       .0       .0       .0       .0       .0       .0       .0     15.0     23.5     56.4     29.6       .0       .0      8.6       .0    105.0       .0      4.5     -9.9M    -9.9M
  2000- 3    .0       .0      3.2       .0       .0     24.2      1.8       .5      5.2    120.0     63.0     22.5       .0       .0      2.7      1.4     13.4       .0       .0       .0       .0       .0     20.4     10.0      5.0     10.0      1.3       .0       .0       .0       .0 
  2000- 4    .0       .0      1.5      3.7      1.8       .0     42.7     10.0      4.6      8.2       .0       .0       .0       .0       .0       .0       .0       .0       .0       .0      1.1      1.6       .0       .0       .0       .0       .0       .0       .0       .0     -9.9M
  2000- 5   9.0     18.6      2.7       .0       .0       .0       .0       .0     72.2       .0       .0       .0       .0       .0       .0       .0       .0       .0       .0       .0       .0      3.4       .0       .0       .0       .0       .0       .0       .0      6.8      1.0 
  2000- 6    .0       .0       .0       .0       .2      1.6       .2       .0       .0       .0       .0       .0       .0       .0       .0       .0       .0       .0       .0       .0       .0       .0       .0       .0     18.0       .0       .0       .0       .0       .0     -9.9M
  2000- 7    .0       .0       .0       .0       .0       .0       .0       .0       .0       .0       .0       .0       .0       .0       .0       .0       .0       .0       .0       .0       .0       .0       .0       .0       .0       .0       .0       .0      6.7       .0      2.5 
  2000- 8   5.5       .2       .0       .0       .0       .0       .0       .0       .0       .0       .0     40.0      1.4     31.3       .0       .0       .0       .0       .0       .0       .0       .0       .0      4.4       .0      1.2       .0       .0       .0       .0       .0 
  2000- 9    .0       .0       .0       .0       .0       .0       .0       .0      3.9       .0       .0       .0       .0       .0       .0       .0     15.5       .0      1.7       .0       .0      4.3      5.1      9.4      1.7       .0       .0       .8       .0      3.4     -9.9M
  2000-10    .0       .0      5.8     11.1     16.0     10.0      2.0       .0       .0       .0      2.0      2.3       .0       .0       .0       .0       .0       .0       .0      6.9       .0       .0       .0       .0      2.6       .0       .0       .3     12.0      2.3       .0 
  2000-11  34.8     11.3     20.0      6.6       .0       .0      5.3       .0       .0      5.9     15.0     10.0       .0       .0       .0       .7     34.5     37.7     34.5      1.6       .0     69.7     20.2      3.6       .0       .0      1.0       .0       .0       .0     -9.9M
  2000-12  24.3       .0       .0       .0       .0       .0       .0       .0       .3       .0       .0       .0       .0       .0       .0       .0     12.2       .0       .0       .9       .0       .0      3.3       .0       .0      2.2       .0      5.8       .0       .0       .0 
  2001- 1  20.5       .0       .0      4.6       .0       .0       .0       .0       .0       .0     13.3       .0       .0       .0       .0       .0      7.0     19.0       .0       .0      7.0      3.8       .0       .0       .0       .0      3.2       .0     39.1       .0      5.3 
  2001- 2  12.7       .0     64.1     32.6       .0       .0       .0       .0       .0       .0       .0       .0       .0       .0       .0     10.3       .0      7.5       .0       .0     19.4       .0       .0       .0       .0       .0       .0       .0     -9.9M    -9.9M    -9.9M
  2001- 3    .0       .0       .0       .0       .0       .0       .0       .0       .0       .0       .0       .0       .0       .0     12.7       .0       .0     14.2     63.8      5.9     21.9       .0      4.0       .0       .0       .0      8.2       .0       .0       .0     10.6 
  2001- 4    .0       .0      1.6       .0      1.3     25.2       .0     66.0     47.8      1.0     11.4      6.5     10.0     30.0       .1       .0       .0      3.1     22.5       .0       .0       .0       .0     43.5      3.5      7.0       .0      5.9       .0     10.0     -9.9M
  2001- 5   3.5      1.8       .0       .0       .0       .0       .0       .0       .0       .0       .0       .0       .0       .0       .0       .0       .0       .0       .5       .0       .0       .0     21.8       .0       .0       .0       .0       .0       .0       .0       .0 
  2001- 6   2.2      9.0     11.0       .0       .0       .0       .0       .0       .0       .0       .0       .0       .0       .0       .0       .0       .0       .0       .0       .0       .0       .0       .0       .0       .0       .0       .0       .0       .0       .0     -9.9M
  2001- 7    .0       .0       .0      3.5       .0       .0       .0      1.6       .0       .0       .0       .0       .0       .0       .0       .0       .0       .0       .0       .0       .0       .0       .0      5.6     10.5      1.4     10.4       .0       .0      6.0       .0 
  2001- 8    .0       .0       .0       .0       .0       .0       .0       .0       .0       .0       .0       .0       .0       .0       .0       .0       .0       .0       .0       .0       .0       .0       .0       .0      4.0     10.0       .0       .0       .0       .0       .0 
  2001- 9    .0       .0       .0       .0       .0       .0       .0       .0       .0       .0       .0      5.4       .0       .0     70.0      2.7       .0       .0       .8       .0       .0       .0       .0       .0      1.1       .0       .0      3.5       .0       .0     -9.9M
  2001-10    .0      1.4      5.1     24.3       .0       .8       .0       .0       .6       .0       .0      2.2       .0      2.7       .0       .0       .0       .9       .0      5.3     70.0      3.9      2.4      9.3     19.0       .0      2.2      5.0     21.5     24.0     37.5 
  2001-11    .0       .0     35.0     29.5      4.6      1.1       .0       .0     10.0     12.4       .0       .0       .0     37.5     11.1      5.3     20.3     18.2      1.4       .0      1.4     15.8       .0       .0       .0       .0      2.1       .0       .0       .0     -9.9M
  2001-12    .0       .0       .0       .1     10.0      7.0       .0       .0       .0       .0       .0       .0       .0       .0       .0       .0       .0      6.4      3.1     30.2     37.0     20.0      1.0       .0       .0       .0       .0       .0       .0     28.1       .0 
  2002- 1   3.1       .0       .0      8.0       .8       .0       .0       .0       .0       .0       .0       .0       .0       .0       .0       .0       .0       .0       .0       .0       .0       .0       .0       .0       .0       .0       .0       .0       .0       .0     32.3 
  2002- 2    .0     10.0     10.4     16.2       .0       .0       .0       .0       .0      1.9      4.2       .0       .0       .0       .0       .0       .0       .0       .0       .0       .0       .0       .0       .0       .0       .0       .0       .0     -9.9M    -9.9M    -9.9M
  2002- 3    .0       .0       .0       .0       .0       .5     15.7       .0       .0       .0       .0       .0       .0       .0       .0       .0       .0       .0       .0       .0       .0       .0       .0      7.2      1.2       .0       .0       .0      4.1     18.0     15.9 
  2002- 4  82.5      2.8      7.1     12.8       .0       .0       .0       .0     21.5       .0       .0      1.2     12.0     18.0      6.0       .3      5.6      2.2     10.0      6.0       .0     17.5      7.6      4.1      9.5     20.0       .0    120.0       .0      9.3     -9.9M
  2002- 5    .0     31.3     10.0      5.0      4.3      8.3       .0       .0     33.2       .0       .0       .0       .0       .0       .0       .0       .0       .0       .0       .0       .0       .0       .0       .0      2.4       .0       .0       .0       .0       .0       .0 
  2002- 6    .0      3.5       .0       .0       .0       .0       .0       .0     39.7       .5      1.4       .0       .0       .0       .0       .0       .0       .0       .0       .0       .0       .0       .0       .0       .0       .0       .0       .0       .0       .0     -9.9M
  2002- 7    .0       .0       .0       .0       .0       .0       .0       .0       .0       .0       .0       .0       .0       .0       .0       .0       .0       .0       .0       .0       .0      2.5       .0       .0       .0       .0       .0       .0       .0       .0       .0 
  2002- 8    .0       .0       .0       .0       .0       .0       .0       .0       .0       .0       .0       .0       .0       .0       .0       .0       .0       .0       .0       .0       .0       .0       .0      9.1     10.0      1.9       .0      1.0       .0       .0       .0 
  2002- 9    .0       .0       .0       .0       .0       .0       .0       .0       .0       .0       .0       .0       .0       .0       .0       .0       .0       .0       .0       .0       .0       .0      1.5       .0      5.8      4.9       .0      4.0     21.9     36.9     -9.9M
  2002-10    .0      4.6     23.6       .9       .0       .0     78.0     49.0       .0       .0       .0       .0      3.3       .0       .0     34.3       .0       .0     10.0     22.0      4.3       .0     18.5      2.4     10.0     15.0     16.0      1.3     46.0     10.5       .0 
  2002-11    .0       .0      3.0      6.5     12.5       .0     30.6      2.0      6.0      4.0      5.2       .0      1.5     19.5      3.0      7.0     12.7     30.0     36.5      2.0      6.7      8.0     12.0     14.0       .5       .0     27.5      6.9       .0       .5     -9.9M
  2002-12    .0       .0      6.1       .0      9.0     10.0      6.0     14.2      3.7       .0       .0       .0       .0      3.4       .0     23.0      7.5     13.5     10.0       .0       .0      2.0      4.0       .3      3.0       .0       .0       .0       .0       .0       .0 
  2003- 1    .0       .0       .0       .0      5.4      2.3       .0      1.8      4.1      1.4       .0       .0       .0       .0     28.0       .0       .0      3.0      1.8      1.2      7.0       .0       .0       .0       .0       .0       .0       .0       .0       .0       .0 
  2003- 2    .0       .0       .0       .0       .0      6.6       .0       .0       .0      3.3      7.5     40.0       .0       .0       .0       .0       .0       .0       .0       .0       .0       .0       .0       .0       .0       .0       .0       .0     -9.9M    -9.9M    -9.9M
  2003- 3    .0       .3       .0      1.9       .0       .0      2.2       .0       .0       .0     10.2     18.3     69.2       .0      1.2       .0     10.0     28.5       .0     42.6       .0       .0       .0       .0    120.8       .0     33.8       .4       .0       .0       .0 
  2003- 4    .0       .0       .0       .0       .0       .0     79.2      1.7     45.0       .0       .0       .0       .0     13.6      1.5       .0       .0     10.0      1.0       .3     44.7      9.1     13.1       .0       .0       .0      4.8     23.5       .0       .9     -9.9M
  2003- 5  30.0    102.5     15.3       .0       .7       .0       .0       .0       .0       .0       .0      2.6       .0       .0       .0       .0      6.6       .0       .0       .0       .0       .0       .0       .0       .0       .0       .0       .0       .0       .0       .0 
  2003- 6    .0       .0       .0       .0       .0       .0       .0       .0       .0       .0       .0       .0       .0       .0      2.1       .0       .0       .0       .0       .0       .0       .0       .0       .0       .0       .0      1.3      4.0      6.0       .0     -9.9M
  2003- 7    .0       .0       .0       .0       .0       .0       .0       .0     32.4      4.2       .0       .0       .0       .0       .0       .0       .0       .0       .0       .0       .0       .0       .0       .0       .0       .0       .0      1.2       .2      3.6       .0 
  2003- 8    .0       .0       .0       .0       .0       .0       .0       .0       .0       .0       .0       .0       .0       .0     11.5       .0       .0       .0       .0       .0       .0       .0       .0       .0       .7       .0       .0       .0       .0       .0       .0 
  2003- 9    .0       .0       .0       .0       .0       .0       .0       .0       .0       .0       .0       .0       .0       .0       .0       .0      7.0     16.8       .0       .0      1.7       .0     22.7       .0       .0      5.0      7.0       .0      6.5       .7     -9.9M
  2003-10   2.2      5.2       .0       .0       .0       .0       .0       .0       .0       .0       .0      5.1       .0       .0      3.3       .9       .0      1.7       .0       .0       .0       .0       .0       .0       .0     57.2       .0       .0       .0       .0       .0 
  2003-11  10.0     14.0      9.6      7.5     10.5     19.7     17.5      8.0      5.0       .0       .0       .0       .0     60.0     16.0      5.3       .7     16.5      1.6      2.0     33.0     20.0      4.1       .0       .0       .7       .5     10.4     67.5     40.0     -9.9M
  2003-12    .0       .0       .0       .0       .0       .0       .0       .0       .0       .0     13.2       .0       .0       .0      3.4       .0       .0     60.2       .0       .0       .0       .0       .0       .0       .0       .0       .0       .0       .0       .0       .0 
  2004- 1    .0       .0       .0       .0       .0       .0       .0       .0      5.0     15.9       .0       .0       .0       .0       .0       .0       .0       .0       .0       .0       .0       .0       .0       .0       .9     65.2      6.0       .0       .0       .0       .0 
  2004- 2    .0       .0      2.9       .0       .0       .0     14.4       .7       .0       .0      2.5       .0       .0       .0       .0       .0       .0       .0       .0       .0       .0      8.2       .0       .0       .0      3.1      8.8     30.0       .0     -9.9M    -9.9M
  2004- 3    .0       .0       .0       .0       .0       .0       .0      3.3       .3       .0       .0       .2     20.0     25.0       .0      7.1       .0       .0       .0       .0     27.8      3.3       .0     26.2      1.2       .0     25.0      4.3      2.2      7.6       .0 
  2004- 4    .0       .0     10.9     10.0       .0       .0       .0       .0       .0       .0       .0       .0       .0       .0       .0       .0       .0       .0       .0       .0       .0       .0     19.0     21.0      3.5     39.0     22.8      7.2       .0     10.0     -9.9M
  2004- 5  12.0     65.2       .0       .0      2.4       .0       .0       .0       .0       .0       .0       .0       .0       .0       .0       .0       .0       .0       .0       .0       .0       .0      7.5       .0       .0      6.6      8.8      8.0       .8       .0       .0 
  2004- 6    .0       .0       .0       .0       .0       .0      2.8       .0      4.0       .0       .0       .0       .0       .0       .0       .0       .0       .0       .0       .0       .0       .0       .0       .0       .0       .0       .0       .0       .0       .0     -9.9M
  2004- 7    .0       .0       .0       .0      3.3      1.8       .0       .0       .0       .0       .0       .0       .0       .0       .0       .0       .0       .0       .0       .0       .0       .0       .0       .0       .0       .0       .5      3.6       .0       .0       .0 
  2004- 8    .0       .0       .0       .0       .0       .0       .0       .0      1.0       .0       .0       .0       .0       .0       .0       .0       .0       .0       .0       .0       .0      2.6       .0       .0       .0       .0       .0       .0       .0       .0       .0 
  2004- 9  22.6      5.4       .0       .0       .0      2.3     22.1       .0       .0       .0       .0      1.2      1.0       .0       .0       .0       .0       .0       .0     34.9     23.8      2.0      5.0      2.0      4.0      6.3     58.5       .0       .0     33.7     -9.9M
  2004-10  29.8       .0       .0       .0       .0       .7       .0       .0       .0     16.7      5.7     44.9      9.0     18.2       .0     30.2     56.5       .0      9.1      3.0     14.0     15.6     14.0     15.6      8.0      1.9      4.0     18.5     18.5     40.3     21.0 
  2004-11  23.0       .0      5.3       .5       .0      6.0     11.5      1.9       .3       .5       .3       .2       .3       .5     12.9      5.8       .0       .0       .0       .0       .3     55.7       .0      2.2      5.3       .0       .0       .0       .0     17.4     -9.9M
  2004-12    .0       .0      8.5     10.0     30.0      1.8       .0       .8       .5      5.0     30.0     60.5      3.3     48.3      8.0     42.2       .0       .0       .0       .0       .0       .0       .0       .0       .0       .0      5.3     23.9       .0       .0     10.0 
  2005- 1   5.8       .0       .0       .0       .0       .0       .8       .0       .0       .0       .0       .0       .0       .0       .0       .0     18.6      8.4      1.2       .0     20.0     17.2       .0       .0       .0       .0       .0       .0       .0       .0      3.4 
  2005- 2 125.0      1.3       .0       .0       .0       .0       .0       .0       .0       .0       .0       .0       .0       .0       .0       .0       .0       .0       .0       .0       .3       .0       .0       .0       .0       .0       .0       .0     -9.9M    -9.9M    -9.9M
  2005- 3    .0       .0       .0       .0       .0       .0       .0       .6      2.9       .7       .8      4.0      3.0       .0       .0       .0       .0       .0       .0       .0       .0       .0     18.0     23.0     30.0     48.0       .0       .0       .0      1.6     19.2 
  2005- 4    .0      7.3       .0     18.4      1.9      1.7       .0      5.0      4.0      2.0     60.0       .0      4.0      2.4       .0       .0      3.0      5.2      4.7       .0       .0       .0     10.0     24.4     25.9     17.1     10.5      6.8     19.0     21.0     -9.9M
  2005- 5  25.2      9.3     16.7      1.6     10.6      6.0     30.0       .0       .0       .0       .0       .0       .0       .0       .0       .0       .0       .0      3.5       .0       .0       .0       .0       .0       .0       .0       .0       .0      8.8       .0       .0 
  2005- 6    .0       .0       .0       .0       .0       .0       .0      5.4      6.2       .0       .0       .0       .0       .0       .0       .0       .0       .0       .0       .0       .0       .0       .0       .0       .0       .0       .0       .0       .0       .0     -9.9M
  2005- 7    .0       .0       .0       .6       .0       .0       .0       .0       .0       .0       .0     39.6       .0     50.6     19.7       .0       .0       .0       .0       .0       .0       .0       .0       .0       .0       .0       .0       .0       .0       .0       .0 
  2005- 8    .0       .0       .0       .0       .0       .0       .0     10.2       .0       .0       .0       .0       .0       .0       .0       .0       .0       .0       .0       .0       .0       .0       .0       .0       .0       .0       .0       .0       .0     15.7       .0 
  2005- 9    .0      6.0       .0     11.8       .7       .0       .0       .0       .0       .0       .0       .0       .0       .0       .0       .0       .0       .0       .0       .0       .0       .0     10.5     11.0       .0       .0       .0       .0       .0       .0     -9.9M
  2005-10    .0       .0      3.1      1.4      4.5      4.4     15.0     15.0     10.0     15.1       .0       .0     10.0      8.1       .0       .0       .0     20.6      7.7     25.9     15.0     25.0      4.9       .3      2.8      1.8       .0       .0       .0       .0       .0 
  2005-11    .4      8.2     60.0     75.0     60.0     22.6     23.3      8.8      3.9     23.9     11.2      1.2     28.2     39.2      2.1       .0       .0       .0       .0      6.7     63.7       .3      1.3     75.3      9.5     20.0     13.5     34.8     31.3      1.8     -9.9M
  2005-12    .0       .0      5.0      5.6     21.6     29.5       .0       .0       .0       .0     12.4      2.2       .0       .0      1.7      2.4       .0       .0       .0       .0      9.0     27.0       .0       .0       .0       .0       .0       .0       .0       .0       .0 
  2006- 1    .0       .0       .0       .0       .0       .0      4.0      3.3      5.5      8.2     30.0       .0     30.0     14.7       .0       .0       .0       .0       .0       .0       .0       .0       .0       .0       .0       .0       .0       .0       .0       .0       .0 
  2006- 2    .0       .0       .0      7.0      8.0       .0       .0      5.2     20.8       .0       .0       .0       .0       .0       .0      1.5     40.0       .0       .0       .0       .0       .0       .0       .0       .0       .0       .0       .0     -9.9M    -9.9M    -9.9M
  2006- 3    .0      1.2      4.0      6.5       .0     12.4       .0       .5       .4      9.0     69.0       .3       .0       .0      1.2      3.0       .0       .0       .0      7.5       .0      5.5      6.5      3.6     14.0     23.7     25.6       .0       .0      3.8       .0 
  2006- 4  13.1     40.0       .0       .0      2.0       .0       .0       .0     33.5      5.7       .0       .0       .3     10.0     10.0     14.2      8.1     12.0     22.5       .0       .0      4.5      4.3       .0       .0       .0       .0       .0       .0       .0     -9.9M
  2006- 5    .0       .0      3.2       .0       .0       .0       .0       .5      1.0       .0       .0       .0       .0       .0       .0       .0       .0       .0       .0       .0       .0       .0       .0     19.0       .0       .0       .0      2.8       .2       .0       .0 
  2006- 6    .0       .0       .0       .0       .0       .0       .0       .0       .0       .0       .0       .0       .0       .0       .0       .0      6.4     11.5      3.1       .0       .9       .8       .0       .0       .0       .0       .0       .0       .0       .0     -9.9M
  2006- 7    .0       .0       .0       .0      1.8       .0       .0       .0       .0       .0       .0       .0       .0       .0       .0       .0       .0       .0       .0       .0       .0       .0       .0       .0       .0       .0       .0       .0       .0       .0       .0 
  2006- 8    .0       .0       .0       .0       .0       .0       .0       .0       .0       .0       .0       .0       .0       .0       .0       .2       .0       .0       .0       .0       .0       .0       .5       .0       .0       .0       .0       .0       .0       .0      2.8 
  2006- 9    .0       .0     20.0       .0       .0     77.0       .0       .0       .0       .0       .0       .0       .0       .0       .0       .0       .0       .0       .0       .0       .0     24.6      4.0      2.0       .0       .0       .0       .0       .0       .0     -9.9M
  2006-10    .0       .0       .0       .0       .0       .0       .0       .0       .0       .0       .0     27.3       .0      1.5     46.3      1.7     21.1     39.7      6.4     22.3      5.2       .7      8.2     10.7     47.5     16.9     16.7     10.5       .2     83.5      2.0 
  2006-11    .0      5.0     15.0      8.0      3.3     48.1     18.1     91.0     49.2     42.0     31.3     39.0       .2       .2      7.6    118.0       .7     28.5     10.0     23.0     48.7      9.3      2.0       .0      4.8      6.0       .1       .0       .0       .0     -9.9M
  2006-12    .0      5.0     25.0      8.0      1.3       .9      7.4       .1       .0      2.6      2.5       .4       .0       .0     12.0     50.3      1.0       .0     24.7      9.5       .0       .0      7.6       .0       .0       .0       .0       .0       .0       .0       .0 
  2007- 1    .0       .0       .0       .0       .0       .0       .0      3.7      7.4     39.3     45.5      7.0       .0       .0       .0       .0       .0       .0       .0       .0       .0       .0       .0       .0       .0     15.0     10.0      1.3      3.3       .0       .0 
  2007- 2    .0       .0       .3       .0       .0       .0       .0       .0       .0       .0      2.6       .8      1.9       .0       .0       .0      6.0     19.5       .0       .0       .0       .0       .0       .0       .0      1.7       .0       .0     -9.9M    -9.9M    -9.9M
  2007- 3    .0       .0      6.3      4.3       .0       .0       .0       .0       .0       .0       .0       .0       .0       .0       .0       .0       .0       .0       .0       .0       .0       .0       .0       .0       .0       .0       .0       .0       .0       .0       .0 
  2007- 4  74.0     41.0       .0       .5       .0      3.0      3.1     29.0      2.1     91.2       .2     17.1     16.2      2.5     47.3     30.2     21.2      6.1     35.2       .0       .0     27.2     43.8     13.5      6.6      7.0     81.5     85.3      3.9       .0     -9.9M
  2007- 5    .0       .0       .0       .0       .0      8.1       .0       .0       .0       .0       .0       .0       .0       .0       .0       .0       .0       .0       .0       .0       .0       .0       .0      3.2       .0     36.8      6.8       .0       .0       .2       .0 
  2007- 6    .0       .0       .0       .0       .0     10.2       .0       .0       .0       .0       .0       .0       .8       .8       .0      4.6       .0       .4       .0       .0      2.7       .0      4.3      1.4     21.7       .0       .0       .0       .0       .0     -9.9M
  2007- 7    .0       .0       .0       .0       .0       .0       .0       .0       .0       .0       .0       .0       .0       .0       .0       .0       .0       .0       .0       .0       .0       .0     25.3       .0       .0       .0       .0       .0       .9       .0       .0 
  2007- 8    .0       .0       .0       .0       .0       .0       .0       .0       .0       .0       .0       .0       .0       .0       .0       .0       .0       .0       .3       .0       .4       .0     12.7       .0      5.4       .0       .0       .0       .0       .0       .0 
  2007- 9   5.6       .0       .0       .0       .0      1.2       .4      4.9     23.6       .0     31.3       .0     38.7       .2       .0       .0      3.1       .0       .2       .0       .0       .0       .0       .0       .0       .0      2.4       .0       .0       .0     -9.9M
  2007-10    .0       .0       .0       .0       .0       .0       .0       .0       .0      2.9       .0       .0      6.3     13.0     38.2      8.1      7.5       .7     10.5     35.0      1.3       .7       .0     14.9     77.9       .0     45.5       .0       .0       .0       .9 
  2007-11  23.0     36.8     38.6      2.1     31.6     20.2     63.7       .5       .0     11.3     18.4      1.8      3.0      4.7      1.7       .0       .0       .0       .0       .0       .0       .0      6.8     30.5       .0       .0     46.3      3.0       .0       .0     -9.9M
  2007-12    .0     11.7       .0       .0       .0       .0       .0       .0       .0       .0       .0     40.6       .5     17.5      7.0       .2      7.5     34.5     11.7     11.9     24.2     10.9      8.1      3.6       .0       .0       .0       .0       .0       .0       .0 
  2008- 2  12.3       .0       .0       .0       .0      2.7       .3     58.5     13.2      2.1       .0     10.2       .0       .0      2.5       .0       .0       .0       .0       .0       .0       .0       .0       .0       .0      2.5       .1       .6      3.0     -9.9M    -9.9M
  2008- 3    .0      2.0     16.4     35.5      2.0      1.0       .0       .0     17.8       .0       .0    124.2     27.2      1.0     23.8      3.1      7.0      9.9       .0      2.5     16.0       .0       .0      4.2       .0       .0       .0     27.8      2.1       .0      5.0 
  2008- 4    .2      2.0      9.2     45.0       .3     10.5      7.5      7.0      6.0     18.5     83.0       .0      5.5    149.5       .0      1.8       .7      1.8       .0       .0       .0       .0      8.5       .3     13.9     22.7      4.6     16.4       .0       .0     -9.9M
  2008- 5    .0       .0       .0       .0       .0       .0       .0       .0       .0       .0       .0       .0       .0       .0       .0       .0       .0       .0       .0       .0       .0       .0       .0       .0      7.8     18.0      3.8       .0       .0       .0       .0 
  2008- 6   1.2       .0       .0      2.3      1.6       .4       .0       .0      4.9       .0       .0       .0       .0       .0       .0       .0       .0       .0       .0       .0       .0       .0       .0       .0       .0       .0       .0       .0       .0       .0     -9.9M
  2008- 7    .0       .0       .0       .0       .0       .0       .0       .0       .0       .0       .0       .0       .0       .0       .0       .0       .0       .7       .0       .0       .0     11.2       .0       .0       .0       .0       .0       .0       .0       .0       .0 
  2008- 8   2.0       .0       .0       .0       .0       .0       .0       .0       .0       .0       .0       .0       .0       .0       .0      2.6       .0       .0       .0       .0       .0      8.5      3.5       .0       .8       .5      5.0      8.5       .0       .2       .0 
  2008- 9   2.0       .0      5.5       .0      1.3       .0       .0       .0       .0       .0       .0       .0       .0       .0       .0       .0     11.5       .0       .0       .0       .0       .0       .0       .0       .0     15.3       .0       .0       .0       .0     -9.9M
  2008-10    .0      2.9     22.3     31.1       .0       .0      1.6       .0     35.5     49.2      6.2     35.3      2.2     20.2      4.6      5.5       .0      1.2     20.0     55.0       .0      2.9      1.8       .0       .0       .0       .0      3.2     28.5      1.9       .0 
  2008-11    .0       .0     18.0       .0       .0       .0     52.0     67.0       .0      1.7       .0       .0      9.2       .0      6.3      8.7     37.0       .0     20.5     12.0       .3       .2     23.0     12.4       .0       .6      5.5     29.0       .0      5.3     -9.9M
  2008-12    .0     40.7     34.2      2.7      5.0       .0      2.0       .0      8.9      1.7     18.3       .0       .0       .0     18.3      8.8     41.3       .0      3.5       .0       .0       .0       .0       .0       .0       .0       .0       .0       .0       .0       .0 
  2009- 1    .0       .0       .0       .0       .0     22.5       .0      2.5     13.2       .0       .0       .0       .0      2.0       .0       .0       .0       .0       .0       .0       .0       .0       .0       .0      4.1       .0     52.6       .0       .0       .0       .0 
  2009- 2    .0       .0       .0       .0       .0       .0       .0       .0       .0       .0      2.2      3.9       .0       .0       .0       .0       .0       .0       .1       .0       .0       .0      3.6       .0       .0       .0      1.5       .0     -9.9M    -9.9M    -9.9M
  2009- 3    .0       .0       .0       .0       .2       .0       .0     31.2      9.3       .1     13.8       .0      3.1       .0       .0     36.3      3.0     13.2     39.3     49.3     26.7      3.8     13.7     16.7      5.5     58.6     65.8     27.8     11.0      1.9       .0 
  2009- 4    .0      6.9       .0      1.3     32.9     10.4      2.0     29.4       .0     17.5    105.3       .0     14.8       .0       .0       .0       .0       .0       .0       .0       .0       .0       .0       .0       .0       .0      7.4       .0       .0      7.1     -9.9M
  2009- 5    .0       .0       .0       .0      5.3       .0       .0       .0       .0       .0       .0       .0       .0       .0       .0       .0       .6       .4      4.2       .0       .0       .5       .2       .4       .2      3.2       .0       .0       .0       .0       .0 
  2009- 6    .0       .0       .0       .0       .0       .0       .0       .0       .0       .0       .0       .0       .0       .0       .0       .0       .0       .0       .0       .0       .0       .0       .0       .0       .0       .0       .0       .0      4.5       .0     -9.9M
  2009- 7    .0       .0       .0       .0       .0       .0       .0       .0       .0       .0       .0       .0       .0       .0       .0       .0       .0       .0       .0       .0       .0       .0       .0      5.5      3.0       .0       .0       .0       .0      1.1       .0 
  2009- 8    .0       .0       .0       .0       .0       .0       .0       .0       .0       .0       .0      2.4      7.2       .0       .0      5.2      1.3      1.5     38.0       .0       .0       .0       .0       .0       .0       .0       .0       .0       .0       .0       .0 
  2009- 9    .0       .0       .0       .0       .0       .0       .0       .0       .0       .0      9.4       .0       .4       .0       .0       .0       .0       .0       .0       .0      1.3       .0       .0       .0       .0       .0       .0       .0       .6      1.2     -9.9M
  2009-10    .2       .0       .0       .0       .0       .0       .0       .0       .0       .0      8.5      1.2      9.2     68.1       .0     58.0       .0     31.0     62.7       .0       .0       .0       .0     47.2       .0       .0       .0     15.7     11.3       .0      5.6 
  2009-11    .2     22.8      2.7     29.4     13.6     15.1      2.7     15.4     27.2     15.0       .0      2.5      1.9     69.6     11.9       .0     49.2      7.2      8.8     15.0      3.9       .2      6.8      1.0       .0       .0       .0      1.5      2.0     13.2     -9.9M
  2009-12  31.6     24.9       .0       .0       .0     13.2      1.2      2.3     10.6       .0       .0     83.3      8.5       .0     10.7     11.0     81.0       .0       .0       .0     13.3      1.7      9.0      5.7       .0       .0     32.0       .0       .0       .0       .0 
  2010- 1    .0       .0       .0       .0       .0       .0      3.4      2.3       .0       .0       .0     52.7     29.1       .0     15.3      5.8       .0       .0       .0       .0       .0       .0       .0       .0       .0       .0      1.0       .0       .0       .0       .0 
  2010- 2    .7       .0       .0       .0       .0       .0       .0       .0       .0       .0       .0       .0       .0       .0       .0      2.5       .0       .0       .0       .0       .0       .0       .0       .0       .0       .0       .0       .0     -9.9M    -9.9M    -9.9M
  2010- 3    .0       .0       .0       .0       .0       .0       .0       .0       .0       .0      2.0       .0       .0       .0       .0       .0       .0       .0       .0       .0       .0       .0     80.0       .0       .0     87.7     62.3      1.2     24.6       .0       .0 
  2010- 5  33.3       .0     21.2      1.7      1.1      7.2     35.5      8.7       .2      4.0       .0      4.8      1.6     25.2       .0       .0     19.0       .0      3.1       .0       .0       .0       .0       .0       .0       .0       .0       .0       .0       .0       .0 
  2010- 6    .0       .0       .0       .0       .0       .0       .0       .0       .0      1.3       .0       .0       .0       .0      7.0      3.7       .0       .0      2.0       .0       .0       .0      2.8       .0       .0       .0       .0       .0       .0       .0     -9.9M
  2010- 7    .3       .0       .0       .0       .0      6.5       .1     19.0       .0       .9       .0       .0      2.5      3.9       .0       .0       .0       .0       .0       .0       .0       .0      9.5       .0       .0       .0       .0       .0       .0       .0       .0 
  2010- 8    .0       .0       .0       .0       .0       .0       .0       .0       .0       .0       .0       .0       .0       .0       .0       .0       .0       .0      4.0     16.5       .0       .0       .0       .0       .0       .0       .0       .0       .0       .0       .0 
  2010- 9    .0       .0     18.8       .0       .0       .0       .0      3.0     13.5       .0       .0       .5      1.0       .0       .0       .0       .0       .0       .7      4.2     35.0     39.2      3.0       .1       .1       .0       .0     25.7      1.5       .8     -9.9M
  2010-10  38.1     50.8       .0       .0       .0       .0       .0       .0       .0       .0       .0       .0       .0       .0       .0       .0       .0       .0     25.7     32.7       .0       .0       .0       .0       .5      1.7      1.7      1.8     17.2     10.0       .5 
  2010-11    .0       .0      1.7      9.3      3.0       .0      3.3       .0     52.6      5.2      2.8      2.5      1.5     22.2       .6     12.3     76.1    118.5     21.2      3.2     52.5     45.9     40.6       .0     22.4     93.3      9.4       .2       .8      2.4     -9.9M
  2010-12  74.8     11.6       .6     36.0       .1       .2       .7       .5       .1       .0      1.5      2.0      2.5       .5     49.0       .0       .0       .0       .0       .0       .0       .6     12.5      1.7      1.5      9.0       .0       .0      7.7      1.8      4.0 
  2011- 1   5.5       .2      1.0      7.0      1.5      2.5      9.9     84.7     11.5     20.0     23.7     12.0       .0       .0       .0       .0       .0       .0       .0       .0       .0       .0       .0       .0      5.2       .5       .6       .0       .0      5.0      3.3 
  2011- 2  82.7      6.6     40.0     20.3      5.3     17.5     14.6       .0       .0       .0       .0       .0       .0      3.0     27.3      1.0       .0     20.3     12.4     23.3     38.0       .0       .0       .0       .5       .0       .0       .6     -9.9M    -9.9M    -9.9M
  2011- 3    .0       .0       .0       .0      7.2      3.2       .0       .0       .0       .0       .0      6.3     30.3     20.8       .0       .0       .0       .0     56.8     16.0      2.5     47.7      7.6     45.8     12.6      2.3     17.2      7.5       .0       .0       .0 
  2011- 4    .0       .0       .0       .0       .0       .0     13.6     34.5     20.7       .0       .0     45.6       .0      6.2     14.2     21.7     15.6       .0      4.5      6.6       .0      3.4       .0      2.4     23.7       .0     15.7      2.1       .0       .0     -9.9M
  2011- 5   3.3       .0       .0       .0       .0       .0       .0       .0       .0       .0     20.5       .0     11.2       .0       .0       .0       .0     50.7       .0       .0       .0       .0       .0      5.7       .2       .0     29.2      8.2       .0       .1       .5 
 